center_x = -51.7563805832
center_y = 50.4453348651
center_z = 23.8664770959
size_x = 28.4925448067
size_y = 27.8285081642
size_z = 22.6617258341