center_x = -53.0767302847
center_y = 32.1780746214
center_z = 66.8400559451
size_x = 33.7700921117
size_y = 32.8633039716
size_z = 25.9434248449