center_x = -50.5678552906
center_y = 40.4144451428
center_z = 25.4569103504
size_x = 33.7700921117
size_y = 32.8633039716
size_z = 25.9434248449