center_x = -63.6178746791
center_y = 11.8579546443
center_z = 48.7949544809
size_x = 27.2303661773
size_y = 24.8862860255
size_z = 22.4165240996