center_x = 9.87835116293
center_y = 4.27194668694
center_z = 32.5327546857
size_x = 18.8779574593
size_y = 25.8032981115
size_z = 14.6777960757
