center_x = 137.177756916
center_y = 130.431936022
center_z = 123.540517643
size_x = 45.9230005884
size_y = 49.1030623473
size_z = 30.8489926629
