center_x = 129.330326689
center_y = 136.152764384
center_z = 122.21980908
size_x = 57.4415728546
size_y = 60.5447190716
size_z = 49.642924709
