center_x = 46.1417665479
center_y = 60.1961881399
center_z = -10.833505201
size_x = 33.883955805
size_y = 34.6786121984
size_z = 39.1877208676
