center_x = 108.791040848
center_y = 122.635148323
center_z = 97.5774241337
size_x = 19.8805711312
size_y = 18.2491038493
size_z = 19.4761126241