center_x = 43.9255216324
center_y = 57.1687455222
center_z = -15.3645224382
size_x = 30.2135477248
size_y = 26.7826432169
size_z = 31.0736104331