center_x = 28.1214533284
center_y = 64.2336286192
center_z = 14.1670197774
size_x = 29.9681251618
size_y = 27.2916656916
size_z = 45.3342018607