center_x = 45.0479516358
center_y = 79.1927208331
center_z = -25.5993959644
size_x = 29.2164064812
size_y = 27.9619921558
size_z = 31.8375806979