center_x = 50.7265561225
center_y = 67.0847403155
center_z = 8.64192790192
size_x = 25.3144515788
size_y = 24.6492981602
size_z = 26.9081053125