center_x = -5.88720886006
center_y = 11.2167615795
center_z = -4.87494748179
size_x = 53.3900239733
size_y = 56.385356801
size_z = 58.7458314475