center_x = -8.19609089738
center_y = 7.67780722156
center_z = 5.47099785247
size_x = 46.6223545199
size_y = 40.4717898317
size_z = 41.390099714
