center_x = -0.91133220427
center_y = -54.4004409244
center_z = 4.2008055139
size_x = 30.5694078155
size_y = 30.9322210773
size_z = 29.8404935303