center_x = -28.2844971649
center_y = -12.9383311694
center_z = 130.607031501
size_x = 43.2780944512
size_y = 37.5339152241
size_z = 41.7370591367