center_x = -2.0612464479
center_y = 0.400027079915
center_z = 4.66407858467
size_x = 23.6995671733
size_y = 23.1766053388
size_z = 25.3306956537