center_x = -60.1965151713
center_y = 82.2359900042
center_z = 28.2233684503
size_x = 32.8592895326
size_y = 28.3654294052
size_z = 26.9377828238