center_x = 143.38091751
center_y = 200.76083925
center_z = 182.843366237
size_x = 24.5946114034
size_y = 37.1345532545
size_z = 24.1730730261