center_x = 46.8408056868
center_y = 59.1341799556
center_z = -28.1689760361
size_x = 31.6158623751
size_y = 34.2431600686
size_z = 30.4850010329