center_x = 44.9503926461
center_y = 76.803070139
center_z = -10.7885592197
size_x = 27.4117192983
size_y = 22.8253735217
size_z = 26.8592615356