center_x = -115.18993938
center_y = -28.9772836305
center_z = 79.3018105957
size_x = 27.0682000896
size_y = 20.7775158937
size_z = 25.4085245702