center_x = 61.955614349
center_y = 78.0688354205
center_z = 39.8662466393
size_x = 30.0903867992
size_y = 24.3781415747
size_z = 34.1290014267
