center_x = 25.0245111496
center_y = 12.6793196321
center_z = 33.9201484982
size_x = 22.7744936627
size_y = 24.2958549072
size_z = 24.6258191274