center_x = -4.89462983585
center_y = -5.93829640945
center_z = 1.34706219054
size_x = 22.7178479852
size_y = 23.838630131
size_z = 28.9666283394