center_x = 111.452435595
center_y = 118.684726158
center_z = 80.2601425495
size_x = 43.3399322942
size_y = 50.6032270675
size_z = 46.2726469891
