center_x = -35.2071762093
center_y = -10.4724687625
center_z = 2.33430844791
size_x = 30.024360476
size_y = 31.859287988
size_z = 32.649193109
