center_x = -6.57612021436
center_y = 3.23648718467
center_z = -5.23144629038
size_x = 30.024360476
size_y = 31.859287988
size_z = 32.649193109
