center_x = 10.5360775795
center_y = 6.78951151991
center_z = -17.2979363905
size_x = 26.0344657391
size_y = 20.1233855783
size_z = 17.7461876195