center_x = 4.65957625408
center_y = 116.404366997
center_z = 52.1472758451
size_x = 21.832524034
size_y = 18.8424615723
size_z = 18.4276447454
