center_x = -0.451545167523
center_y = -10.0766609434
center_z = -16.004999049
size_x = 23.2088279396
size_y = 23.4311629161
size_z = 23.100988261