center_x = -7.968576615
center_y = 4.10392409713
center_z = -6.15114649262
size_x = 34.2593208385
size_y = 28.7417042721
size_z = 32.3794801372
