center_x = -12.416162209
center_y = 11.0960464643
center_z = 11.547168778
size_x = 31.8001811433
size_y = 33.5669899895
size_z = 26.7100531659