center_x = 15.6883919307
center_y = 178.43745547
center_z = 147.940931058
size_x = 31.1126687603
size_y = 23.8939673315
size_z = 28.3092432256