center_x = 22.6942955364
center_y = 41.1249006203
center_z = 70.691879663
size_x = 25.2985319747
size_y = 26.2629337782
size_z = 30.7222131075
