center_x = 57.3089582798
center_y = 52.2744949305
center_z = 104.346037555
size_x = 38.9503752565
size_y = 43.7854724572
size_z = 36.4179552641
