center_x = 51.5932210475
center_y = 49.8565001385
center_z = 47.6797762693
size_x = 28.2564962529
size_y = 25.8252082372
size_z = 29.004272368
