center_x = -36.2034582382
center_y = -31.7427072349
center_z = -21.2286415238
size_x = 26.5992940505
size_y = 22.1360091626
size_z = 27.8859546427