center_x = -34.3388448549
center_y = -45.5756744934
center_z = -18.6926183605
size_x = 27.8818666477
size_y = 24.5364106382
size_z = 23.8411453916