center_x = -26.7154954784
center_y = -36.1243554999
center_z = -13.1197074379
size_x = 26.064761082
size_y = 24.4118658583
size_z = 24.8584184527