center_x = -15.424222997
center_y = 12.7325158502
center_z = -8.46657671931
size_x = 30.4937622603
size_y = 28.9585975914
size_z = 26.6987072803