center_x = -0.0675558803172
center_y = 12.5074503517
center_z = 6.41318166448
size_x = 34.9076102468
size_y = 25.7033539907
size_z = 30.674649505