center_x = -25.6780694788
center_y = 0.365039235342
center_z = -14.9133809922
size_x = 35.0633684548
size_y = 26.7448092022
size_z = 31.1514544576