center_x = -8.7122874715
center_y = -23.902087636
center_z = 9.88705871003
size_x = 30.4045999501
size_y = 25.6590091032
size_z = 27.8776631981
