center_x = 44.2011139975
center_y = 5.6103669332
center_z = -46.0713332892
size_x = 35.8799741292
size_y = 29.8032379488
size_z = 37.9152310208