center_x = 138.327640501
center_y = 157.604484456
center_z = 173.059977736
size_x = 22.6004091534
size_y = 16.2179198642
size_z = 27.3213449543
