center_x = 145.63125721
center_y = 162.504521328
center_z = 166.584545874
size_x = 17.6149629017
size_y = 17.705587348
size_z = 21.9573572117
