center_x = 33.9792036104
center_y = -18.0462644483
center_z = 4.42336180633
size_x = 25.5429409853
size_y = 25.0
size_z = 23.99463161