center_x = -14.2231754963
center_y = -2.91048681694
center_z = -0.403289637638
size_x = 49.5176515943
size_y = 44.6445467249
size_z = 51.2122370881