center_x = -20.2728157739
center_y = 17.6820719033
center_z = -47.6265374532
size_x = 20.426928474
size_y = 20.0355284644
size_z = 23.9515195181
