center_x = 12.150851389
center_y = 6.49155551388
center_z = -10.5421241783
size_x = 25.6121022478
size_y = 26.5429296328
size_z = 26.109505798