center_x = 52.4731249168
center_y = 40.4857472201
center_z = 10.6970979257
size_x = 30.1401115798
size_y = 21.0582474589
size_z = 24.6830282581