center_x = 29.8137873135
center_y = 99.1935424078
center_z = 70.0515249258
size_x = 32.5317766382
size_y = 34.1723616649
size_z = 33.1795216788