center_x = -14.2149968797
center_y = 4.36591085094
center_z = 6.82844015103
size_x = 24.6782926201
size_y = 25.2607817048
size_z = 22.2171632644