center_x = -3.29030718185
center_y = -40.5659502901
center_z = 0.368360798307
size_x = 36.6817288143
size_y = 48.2172524433
size_z = 44.7276173331