center_x = 96.0438647495
center_y = 80.7602014442
center_z = 85.2501347654
size_x = 24.5257839572
size_y = 26.0641622454
size_z = 25.4551779418