center_x = 166.96323539
center_y = 170.739592555
center_z = 114.018170861
size_x = 14.0073714026
size_y = 15.4500654537
size_z = 14.104257459

