center_x = 148.966673841
center_y = 171.467771748
center_z = 120.692807075
size_x = 22.6153757657
size_y = 23.3347658351
size_z = 32.1702581567
