center_x = 107.431021201
center_y = 126.063180017
center_z = 104.842703136
size_x = 42.6335291538
size_y = 48.2264916067
size_z = 44.0588704203
