center_x = 59.2917986357
center_y = 89.0884132486
center_z = 156.54671616
size_x = 25.4971859207
size_y = 25.9792309226
size_z = 30.2157020564