center_x = -28.8293692333
center_y = -30.6975430605
center_z = -5.16333928352
size_x = 28.7383556967
size_y = 23.8422248498
size_z = 31.3810243664