center_x = -40.2303377328
center_y = -26.3210691134
center_z = -16.6386865379
size_x = 23.2798612666
size_y = 27.0273902864
size_z = 24.7370819819