center_x = -36.8848890058
center_y = -1.15666571531
center_z = 17.7340604642
size_x = 58.4009805031
size_y = 56.3695005644
size_z = 56.5889660078
