center_x = 14.6420357565
center_y = 4.66784749044
center_z = -24.4190999354
size_x = 27.6650128318
size_y = 27.4809513628
size_z = 39.3975022142