center_x = 46.997802219
center_y = -6.2706371297
center_z = -24.1428214697
size_x = 27.6650128318
size_y = 29.4025312018
size_z = 30.6944764686