center_x = -7.5109412664
center_y = 21.4421631676
center_z = -9.31039342108
size_x = 46.3018838231
size_y = 41.6149025088
size_z = 41.0279800086
