center_x = 46.2586950313
center_y = -13.7718523469
center_z = -6.40239464135
size_x = 21.0313485015
size_y = 24.3908157162
size_z = 36.229771806