center_x = 43.9561537218
center_y = -62.5632052745
center_z = -27.4756325129
size_x = 37.5111084991
size_y = 24.2695207718
size_z = 43.1450742095
