center_x = 1.21158662983
center_y = -4.38155769875
center_z = 7.01339555771
size_x = 18.8266253926
size_y = 15.0202578488
size_z = 17.3964264874