center_x = 71.6435727913
center_y = -13.8501134603
center_z = -52.624094341
size_x = 28.2649087246
size_y = 24.0157410344
size_z = 25.7646905989