center_x = 74.5650851351
center_y = 1.70235645478
center_z = -39.5717816362
size_x = 22.8312879673
size_y = 22.0049132656
size_z = 26.034644615