center_x = -64.1882112569
center_y = -15.4398609015
center_z = 48.118072946
size_x = 25.5076828085
size_y = 27.5080306879
size_z = 26.0751888182