center_x = -54.053230405
center_y = 12.8188989584
center_z = -45.3101595923
size_x = 25.8000022747
size_y = 28.06228412
size_z = 31.5381857294