center_x = -27.4809911627
center_y = 10.6560092073
center_z = -27.8845071484
size_x = 31.3168635453
size_y = 35.4936761295
size_z = 24.5777014431