center_x = 16.9013222207
center_y = 69.5348268476
center_z = 55.7909098379
size_x = 27.874723135
size_y = 24.3768814998
size_z = 23.656184212