center_x = 38.17325583
center_y = 86.8813257595
center_z = 59.7120991501
size_x = 29.2684481859
size_y = 23.3879785797
size_z = 27.4629920818