center_x = 9.04644766554
center_y = 13.8036358065
center_z = 3.26257090545
size_x = 17.3086752136
size_y = 17.7843994801
size_z = 18.9107880716