center_x = 19.2202010628
center_y = 12.6038586168
center_z = -11.2852929868
size_x = 26.744045428
size_y = 29.3207688286
size_z = 26.6723655005