center_x = 15.8084747274
center_y = 6.2530129625
center_z = 1.66999892371
size_x = 21.2095074645
size_y = 21.533975034
size_z = 37.6921958508