center_x = -12.2802034165
center_y = -17.0264768132
center_z = 26.3437375349
size_x = 28.6907798438
size_y = 51.5420946817
size_z = 33.8367884117