center_x = -22.4826917137
center_y = -7.14720122845
center_z = 35.8760823321
size_x = 34.6876163065
size_y = 44.9542237855
size_z = 33.8367884117