center_x = 22.3097372256
center_y = -16.9413163109
center_z = -1.69533047071
size_x = 28.7918312066
size_y = 28.6352489567
size_z = 29.2902767334
