center_x = -50.3060526574
center_y = 6.39115499641
center_z = 92.5814492374
size_x = 21.369078044
size_y = 20.6957703417
size_z = 22.9691864929