center_x = -2.72541595769
center_y = 0.871856346065
center_z = 11.4478674731
size_x = 18.6371648741
size_y = 21.9602729428
size_z = 23.1365902537

