center_x = 0.784138314097
center_y = 1.8713585117
center_z = 4.58732861678
size_x = 15.1002810675
size_y = 17.4904510561
size_z = 13.7096581893
