center_x = 18.2711503302
center_y = 31.8628751246
center_z = -11.1654450078
size_x = 39.3646678575
size_y = 48.6815828295
size_z = 36.6825776692
