center_x = 2.7951976564
center_y = 2.74737729154
center_z = 4.8706061641
size_x = 21.8736311714
size_y = 21.6493782192
size_z = 22.2296831205