center_x = 69.2339715476
center_y = -15.0392734888
center_z = 38.9957389612
size_x = 37.7048300255
size_y = 36.6733627819
size_z = 35.5521150883