center_x = 121.961989912
center_y = 131.051666675
center_z = 207.433395403
size_x = 24.2441481929
size_y = 21.7611188132
size_z = 24.1957652006
