center_x = 47.766067736
center_y = 41.1613460272
center_z = 25.0716267459
size_x = 31.1752477333
size_y = 26.107061133
size_z = 24.8369014798