center_x = 33.4048
center_y = 46.9884
center_z = 56.4314
size_x = 78.8918035507
size_y = 44.9076974869
size_z = 62.6947027206