center_x = 1.27619784217
center_y = -11.9950515455
center_z = 16.5002723945
size_x = 22.0474084481
size_y = 24.9998693266
size_z = 24.9642953322