center_x = 6.28270857133
center_y = -2.27929288646
center_z = 16.0252672206
size_x = 19.9862754287
size_y = 18.6387129216
size_z = 20.2702313881