center_x = -43.5242163303
center_y = 29.7722308856
center_z = 77.251444168
size_x = 31.4000246663
size_y = 37.5825371233
size_z = 28.2851272572