center_x = -49.6085027496
center_y = 49.9433083469
center_z = 25.0489384094
size_x = 25.7031722202
size_y = 23.5880159623
size_z = 23.7834997022