center_x = -71.7261912492
center_y = 29.7196025883
center_z = 28.8932594246
size_x = 28.0167978262
size_y = 28.4138311101
size_z = 28.2851272572