center_x = -51.7731999395
center_y = 38.0647021095
center_z = 25.6708595755
size_x = 26.2629421797
size_y = 30.3253215953
size_z = 24.7940964183