center_x = 11.0002674094
center_y = -47.3931761292
center_z = -46.1170046247
size_x = 27.3099139029
size_y = 30.527292114
size_z = 29.910595652