center_x = -19.792823939
center_y = 23.6926210217
center_z = -21.2343457486
size_x = 28.716723063
size_y = 27.18817522
size_z = 38.0746149887
