center_x = 2.08625730722
center_y = -16.7967055062
center_z = -38.6531796253
size_x = 25.0
size_y = 25.0
size_z = 30.0680870148