center_x = 15.6699627271
center_y = -1.41853587127
center_z = -19.055449624
size_x = 23.6191351283
size_y = 25.0
size_z = 25.1930512683