center_x = 4.27686670256
center_y = -4.00186968074
center_z = 0.160119045842
size_x = 41.2003311497
size_y = 30.782785232
size_z = 38.4507011106