center_x = 148.098033113
center_y = 149.286179911
center_z = 140.997947511
size_x = 60.2944082818
size_y = 49.5076439062
size_z = 53.1076655249
