center_x = 139.628005916
center_y = 116.003884445
center_z = 104.102378986
size_x = 29.5476013203
size_y = 33.2526876813
size_z = 29.5279660327
