center_x = 147.377619124
center_y = 130.00631493
center_z = 108.232546684
size_x = 25.1639003687
size_y = 22.8899904536
size_z = 27.5344601599
