center_x = 116.343154679
center_y = 110.151959762
center_z = 101.277452694
size_x = 23.3791845347
size_y = 26.7551197204
size_z = 27.5344601599
