center_x = 120.00888157
center_y = 106.487217458
center_z = 67.6588625814
size_x = 30.5238879459
size_y = 32.4958079132
size_z = 36.0965734647
