center_x = -36.4095135348
center_y = 20.3197034052
center_z = -23.9319422063
size_x = 29.604300815
size_y = 34.1153245167
size_z = 27.9149766988