center_x = -50.1091340234
center_y = 0.118010954476
center_z = -42.0787381758
size_x = 28.7188277307
size_y = 33.1465603611
size_z = 30.4984205993