center_x = 112.631973926
center_y = 119.997161494
center_z = 80.710938284
size_x = 41.895152995
size_y = 39.6508611221
size_z = 40.1486266866