center_x = 108.422738245
center_y = 106.952730992
center_z = 111.189691703
size_x = 24.9867599731
size_y = 37.6769820094
size_z = 29.3314395451