center_x = 4.67569591673
center_y = -7.55294634264
center_z = -16.473977659
size_x = 46.3018838231
size_y = 41.6149025088
size_z = 41.0279800086
