center_x = 43.7595130011
center_y = 0.433621407996
center_z = 64.0379096402
size_x = 19.4757114163
size_y = 28.5055371498
size_z = 15.8912786001
