center_x = -13.9366646504
center_y = 24.5684452005
center_z = -10.0769518526
size_x = 22.154982421
size_y = 20.5205606769
size_z = 23.9744854
