center_x = -7.70653833194
center_y = 18.0790119336
center_z = 2.52936457322
size_x = 22.0876210517
size_y = 23.7633853805
size_z = 29.4586990964
