center_x = 17.6814532489
center_y = -2.12394556625
center_z = 3.62767184784
size_x = 37.6256168242
size_y = 36.5473819096
size_z = 40.2624394266