center_x = 119.777075011
center_y = 51.1316648024
center_z = 51.3140262916
size_x = 17.3331650355
size_y = 19.8337436844
size_z = 26.4214249025
