center_x = 111.601324447
center_y = 45.2747141322
center_z = 62.3876320533
size_x = 21.7913110018
size_y = 25.000487283
size_z = 23.7933459536
