center_x = 8.62710652477
center_y = -7.92830705353
center_z = -13.798429746
size_x = 37.21165367
size_y = 33.2415578678
size_z = 43.2139824207
