center_x = -0.671914959781
center_y = 21.2483676783
center_z = -21.3674765369
size_x = 30.8872156239
size_y = 33.6598478885
size_z = 40.4329467921
