center_x = -11.0111189525
center_y = 20.2121391247
center_z = -27.7645137672
size_x = 13.745649211
size_y = 16.1366777844
size_z = 18.3709538515
