center_x = -4.1495
center_y = 2.7562
center_z = -3.1857
size_x = 132.836598969
size_y = 140.327803802
size_z = 124.541603088