center_x = -18.6553486156
center_y = 0.865418789625
center_z = 5.66503663808
size_x = 21.9419993457
size_y = 22.3753679406
size_z = 18.9633877796