center_x = 0.417520687706
center_y = -8.33334790772
center_z = 19.62032941
size_x = 20.9413649653
size_y = 20.8422083067
size_z = 22.6822249482