center_x = 91.3677127749
center_y = 125.829528642
center_z = 123.959348768
size_x = 27.8016379568
size_y = 25.292307859
size_z = 26.5871507168