center_x = 91.5604930173
center_y = 111.532585046
center_z = 103.741699551
size_x = 25.727047685
size_y = 20.1011804621
size_z = 24.9007300856