center_x = 35.7748027426
center_y = 59.7842788145
center_z = 48.7676666348
size_x = 27.9192464041
size_y = 27.2218577231
size_z = 27.1652024444