center_x = -3.46649594912
center_y = 26.9637930921
center_z = 3.29857722274
size_x = 49.2694207789
size_y = 40.9051709353
size_z = 42.3010847223
