center_x = 61.6671756146
center_y = 27.8316403609
center_z = -127.792868171
size_x = 37.3863461793
size_y = 34.1227760353
size_z = 42.6213520132