center_x = 51.4386549853
center_y = 55.7010055705
center_z = 143.336529871
size_x = 39.1284528589
size_y = 31.0874978588
size_z = 35.9203318852