center_x = 42.2715841433
center_y = 57.3243753892
center_z = 144.146763728
size_x = 19.5996512118
size_y = 20.69381021
size_z = 19.522052273