center_x = 86.2578898219
center_y = 54.7629204285
center_z = 43.7864787185
size_x = 17.4016573779
size_y = 24.1632997663
size_z = 23.5803423006