center_x = 52.3159020244
center_y = -16.5169524438
center_z = 24.8675707337
size_x = 40.2832730588
size_y = 44.6825836502
size_z = 45.0121279384