center_x = 7.94625873281
center_y = -2.3999057474
center_z = 22.0814391238
size_x = 42.7070951943
size_y = 40.5490410808
size_z = 40.0561468283