center_x = -3.60443279227
center_y = -12.8615600853
center_z = 9.28259272334
size_x = 22.7758956308
size_y = 21.938665332
size_z = 21.958720632