center_x = 17.7618500449
center_y = -7.05984500046
center_z = 67.0403118549
size_x = 31.9984346144
size_y = 32.1122922172
size_z = 35.8982839125
