center_x = -0.162383921608
center_y = -28.9979142385
center_z = -20.1271185927
size_x = 31.8704011677
size_y = 29.6715084642
size_z = 33.9583431401