center_x = -9.52905530814
center_y = 27.2900675734
center_z = 7.09895825105
size_x = 28.2708880203
size_y = 28.6739552179
size_z = 28.8205778575