center_x = -17.2564788274
center_y = 9.01045080077
center_z = 15.8429331523
size_x = 28.8179901714
size_y = 30.1378516684
size_z = 26.5747057669