center_x = 2.73321340781
center_y = 4.0598465261
center_z = -13.0697067829
size_x = 34.8356926926
size_y = 38.1526972014
size_z = 42.4027505762
