center_x = -12.9708071627
center_y = 1.55938015416
center_z = 4.83455785909
size_x = 38.8119723333
size_y = 31.9535732361
size_z = 30.9075281978