center_x = -1.43479912424
center_y = 11.2490462284
center_z = -16.591127146
size_x = 38.9795507199
size_y = 41.9696917699
size_z = 36.7312188358