center_x = 3.51692292529
center_y = -31.7900200035
center_z = 12.6714110498
size_x = 32.7805543463
size_y = 34.945928068
size_z = 37.1626650217

