center_x = 2.60130882634
center_y = -2.88271432376
center_z = -9.33172710224
size_x = 43.5928468876
size_y = 30.2419933266
size_z = 42.8960196445