center_x = 93.4197557897
center_y = 113.669020492
center_z = 83.0644586408
size_x = 28.1369736299
size_y = 35.0508799667
size_z = 37.0789270849