center_x = 108.657295314
center_y = 115.059534803
center_z = 103.089963675
size_x = 32.5069240201
size_y = 32.3907992569
size_z = 27.4569466253