center_x = 19.9437754033
center_y = 35.7670718676
center_z = 23.0121419828
size_x = 17.8935840403
size_y = 40.2321931132
size_z = 28.1014949214