center_x = 174.423970717
center_y = -84.2315774479
center_z = -36.1866151423
size_x = 34.2809153204
size_y = 39.4393295753
size_z = 32.1357910135