center_x = 2.16608061229
center_y = 49.5754389092
center_z = -0.286660359258
size_x = 31.0078828756
size_y = 27.8165391612
size_z = 32.7003136794