center_x = 132.977756051
center_y = 135.390386469
center_z = 158.572294912
size_x = 28.738715692
size_y = 27.9303678014
size_z = 30.5821411542
