center_x = 134.479308419
center_y = 131.053837874
center_z = 143.491116706
size_x = 33.6702698924
size_y = 29.8781681723
size_z = 32.7064998588
