center_x = 131.742267747
center_y = 182.727654755
center_z = 144.874081229
size_x = 39.579807511
size_y = 34.9890650557
size_z = 43.8482784953