center_x = 5.59206402355
center_y = -4.86524840397
center_z = 0.51188099738
size_x = 38.5708654079
size_y = 44.4097508286
size_z = 35.0135786156