center_x = 18.5391389221
center_y = -5.40457786572
center_z = -12.8629402173
size_x = 39.1120382106
size_y = 29.7936593421
size_z = 32.0577846755