center_x = 5.3233836257
center_y = 10.4165518828
center_z = -14.8159441018
size_x = 57.2776842839
size_y = 42.7426590285
size_z = 69.1204404592
