center_x = 88.5933561498
center_y = 83.2463948066
center_z = -36.75352019
size_x = 27.309676228
size_y = 21.0380938828
size_z = 19.1954027262