center_x = 91.9015078169
center_y = 89.2556803954
center_z = 81.2919341993
size_x = 13.4371797633
size_y = 11.4539980224
size_z = 11.9499570587
