center_x = 92.8008485774
center_y = 70.4982234538
center_z = 75.5653637518
size_x = 9.50301430679
size_y = 8.08524125587
size_z = 9.21647878088
