center_x = 87.4798938228
center_y = 43.137382683
center_z = 133.46775288
size_x = 27.0715612878
size_y = 30.354804497
size_z = 25.2147675592