center_x = 42.5486368375
center_y = 56.8029109527
center_z = 105.968885248
size_x = 20.8844204217
size_y = 23.9746657324
size_z = 20.6752044678

