center_x = 114.495928369
center_y = 140.509999668
center_z = 133.943088592
size_x = 55.6790023804
size_y = 48.2264916067
size_z = 59.5362173542
