center_x = 88.0426282434
center_y = 108.581448239
center_z = 89.5520036379
size_x = 33.6481505093
size_y = 30.9105479222
size_z = 30.7493936387
