center_x = -33.9763757299
center_y = 3.10402122537
center_z = 35.145303092
size_x = 18.6278501189
size_y = 21.589925144
size_z = 27.1606946482