center_x = 125.967980185
center_y = 140.108818047
center_z = 161.183389962
size_x = 36.2811308762
size_y = 33.4479660718
size_z = 36.7737342366
