center_x = 130.876687356
center_y = 128.849604076
center_z = 141.039549053
size_x = 36.2811308762
size_y = 30.0569810197
size_z = 34.2855802406
