center_x = 167.941882706
center_y = 136.433539214
center_z = 115.139438834
size_x = 29.8386102482
size_y = 30.6146434414
size_z = 30.9703658803
