center_x = 140.25021752
center_y = 143.417251332
center_z = 127.899038065
size_x = 31.3784870162
size_y = 30.6146434414
size_z = 30.9703658803
