center_x = 102.343331848
center_y = 121.970025298
center_z = 189.652992874
size_x = 30.2216669076
size_y = 30.6146434414
size_z = 30.9703658803
