center_x = 139.439230659
center_y = 120.404352898
center_z = 133.791745209
size_x = 32.611690736
size_y = 32.4339613172
size_z = 30.9703658803
