center_x = 158.89501952
center_y = 146.485362812
center_z = 126.200987329
size_x = 32.611690736
size_y = 32.4339613172
size_z = 30.9703658803
