center_x = 25.9369233915
center_y = 165.895097028
center_z = 148.091279094
size_x = 29.9752928547
size_y = 24.1612263846
size_z = 27.7886581298