center_x = 17.5865300533
center_y = 135.248016819
center_z = 141.27200443
size_x = 32.4670678303
size_y = 29.5421193859
size_z = 28.3092432256