center_x = -3.06312076628
center_y = -4.53344806388
center_z = -8.10977721349
size_x = 33.4678498788
size_y = 37.9054811615
size_z = 33.1610656536