center_x = 6.80150418653
center_y = 49.7314617146
center_z = 18.0840823
size_x = 39.3296128828
size_y = 27.7784080811
size_z = 33.7369796736