center_x = 45.7932970397
center_y = 40.5434547308
center_z = 44.796697167
size_x = 67.5762145359
size_y = 35.0482978013
size_z = 48.0310378602