center_x = 156.858256941
center_y = 164.246559933
center_z = 167.20749456
size_x = 37.3703932213
size_y = 40.1815424902
size_z = 48.7548211532