center_x = 150.580661406
center_y = 120.587301262
center_z = 139.619235571
size_x = 32.8172644412
size_y = 32.5577694848
size_z = 35.0893138738