center_x = 142.69618127
center_y = 142.629306587
center_z = 136.730711059
size_x = 28.7845496955
size_y = 30.9091308104
size_z = 30.6199821776