center_x = 80.5299668654
center_y = -89.7634666592
center_z = -0.697218795247
size_x = 31.9157923944
size_y = 48.7078557344
size_z = 32.5257318426