center_x = 62.3689425049
center_y = -91.7358551188
center_z = -21.4176113203
size_x = 30.0445654344
size_y = 31.3175961094
size_z = 31.2066186034