center_x = 8.61681391155
center_y = 0.0248135934212
center_z = -5.99162664246
size_x = 37.3897436936
size_y = 30.6721953544
size_z = 28.1045615253