center_x = -28.2602157891
center_y = -12.4695708885
center_z = -3.20718643129
size_x = 35.7349868817
size_y = 34.6083436137
size_z = 33.7015780612