center_x = 118.955846549
center_y = 120.78249111
center_z = 119.375611331
size_x = 30.1512975431
size_y = 34.1584409955
size_z = 39.2036463695