center_x = 129.171311619
center_y = 88.1899523677
center_z = 124.296947527
size_x = 39.2298815409
size_y = 38.3185988264
size_z = 45.4956363603