center_x = 110.424149855
center_y = 155.669466501
center_z = 122.596765226
size_x = 35.0554059255
size_y = 35.1071943659
size_z = 43.3910269667