center_x = 156.416629573
center_y = 101.151386247
center_z = 92.3947570821
size_x = 35.0554059255
size_y = 35.1071943659
size_z = 29.2101471382