center_x = 77.8779751901
center_y = 132.721081307
center_z = 92.2094323543
size_x = 37.312511552
size_y = 35.1071943659
size_z = 29.2101471382