center_x = 50.5274740479
center_y = -16.8649420446
center_z = 58.5815479769
size_x = 32.9767815035
size_y = 28.9562175472
size_z = 30.4909624609