center_x = 54.0411033747
center_y = -39.7079007878
center_z = 57.3670710612
size_x = 26.6291800158
size_y = 25.3047111932
size_z = 27.6957532313