center_x = 3.0806649745
center_y = -2.4669347106
center_z = 25.7349728752
size_x = 27.630806469
size_y = 33.8936134094
size_z = 31.6469904563

