center_x = -27.2790459144
center_y = -26.3133492536
center_z = 251.384674512
size_x = 40.9267400293
size_y = 26.2707187887
size_z = 44.1232800867