center_x = -7.81770687059
center_y = 5.89912434427
center_z = -7.56431765876
size_x = 41.0433513261
size_y = 38.3356173189
size_z = 35.0300835161
