center_x = -2.42144905656
center_y = -9.16468046776
center_z = 3.00916159166
size_x = 27.9846147815
size_y = 32.0405861204
size_z = 36.1505273893