center_x = -18.1240882264
center_y = -6.11816025589
center_z = -8.45946293806
size_x = 29.4540950896
size_y = 28.5271312432
size_z = 33.9827278357