center_x = -11.796294995
center_y = 11.7153150952
center_z = -0.0790073795746
size_x = 31.4647657451
size_y = 34.2057590749
size_z = 33.9827278357