center_x = 0.600277253322
center_y = 1.96301128873
center_z = 9.12175919035
size_x = 32.8252514224
size_y = 34.2057590749
size_z = 33.9827278357