center_x = -11.2457157873
center_y = -20.7313880799
center_z = -7.97797960215
size_x = 32.8252514224
size_y = 34.2057590749
size_z = 33.9827278357