center_x = 2.94027240512
center_y = 5.71279079674
center_z = -14.5232160855
size_x = 30.6761481415
size_y = 29.6715084642
size_z = 33.9583431401