center_x = -21.1670407775
center_y = 9.20198280838
center_z = -48.9943463782
size_x = 29.6757048733
size_y = 33.2536502326
size_z = 31.0208196756

