center_x = 75.0392535989
center_y = 141.614931298
center_z = 189.256394098
size_x = 32.611690736
size_y = 23.548914001
size_z = 25.3650764028
