center_x = 69.8276000353
center_y = 156.544022799
center_z = 198.979480642
size_x = 29.8386102482
size_y = 42.4250333865
size_z = 34.2855802406
