center_x = 94.9529303433
center_y = 133.21567321
center_z = 187.964204745
size_x = 35.0199187153
size_y = 30.6146434414
size_z = 30.9703658803
