center_x = -13.361761689
center_y = -0.726033093374
center_z = 25.9624621021
size_x = 31.2145326227
size_y = 30.0367465112
size_z = 32.6009843103
