center_x = -8.36362850145
center_y = 15.0529070965
center_z = -57.5632599966
size_x = 30.7658615018
size_y = 35.4311306715
size_z = 31.1210228544