center_x = -21.1572655975
center_y = 39.1986611225
center_z = -27.9559591831
size_x = 30.7658615018
size_y = 29.7137775157
size_z = 26.3531999446