center_x = 0.670260675649
center_y = 0.121390190395
center_z = -18.261271252
size_x = 26.820716746
size_y = 24.6948457608
size_z = 36.1946651428