center_x = -3.44439195197
center_y = 17.5497394404
center_z = -3.31077215971
size_x = 29.8069435506
size_y = 23.5454689579
size_z = 35.3205345227