center_x = 130.916356962
center_y = 100.656042525
center_z = 87.5140403716
size_x = 36.5955314828
size_y = 45.9272668611
size_z = 50.3394799273
