center_x = 161.165528171
center_y = 134.799059276
center_z = 133.383349486
size_x = 35.8919700159
size_y = 34.961131054
size_z = 33.1747159257
