center_x = -19.1430359185
center_y = -31.3272289418
center_z = 0.533582038332
size_x = 17.580748644
size_y = 17.4425269222
size_z = 17.0661211359