center_x = -15.7156289609
center_y = -43.3727478574
center_z = 4.94289146407
size_x = 10.8356090767
size_y = 11.4498103748
size_z = 8.79603500944