center_x = -12.760675696
center_y = -6.06967263552
center_z = 3.5124574642
size_x = 31.0938638449
size_y = 28.4635747038
size_z = 30.8372161799