center_x = 25.0120127996
center_y = -20.2278868741
center_z = 67.5357579095
size_x = 25.0
size_y = 28.1887019565
size_z = 25.3868888491