center_x = 18.7088711729
center_y = -31.4740047277
center_z = 63.4800798131
size_x = 28.3298581799
size_y = 27.1628050633
size_z = 23.7846746147