center_x = 21.6738726903
center_y = 2.12484484716
center_z = 61.660905642
size_x = 27.4702646806
size_y = 25.4678574222
size_z = 25.5783716323