center_x = -9.02490362441
center_y = -21.1470027243
center_z = 5.16402697645
size_x = 26.4414433889
size_y = 32.1699314532
size_z = 32.3358142616