center_x = -14.4703545884
center_y = -33.1463078043
center_z = 15.5184639689
size_x = 28.4291568191
size_y = 25.7475031533
size_z = 34.1581272064