center_x = 16.8280783
center_y = -0.4279195959
center_z = 4.21221220798
size_x = 29.2107117925
size_y = 31.1598074836
size_z = 32.1717922196