center_x = -0.0030030571555
center_y = -13.6522571198
center_z = -19.9427433026
size_x = 21.9444787277
size_y = 23.9253000975
size_z = 26.1435659217