center_x = 47.8350737826
center_y = -62.3260548365
center_z = 89.2362202537
size_x = 26.7476972986
size_y = 24.6777933661
size_z = 25.6320591982