center_x = -4.99051059423
center_y = 3.61654259209
center_z = 1.21567263992
size_x = 23.8887336231
size_y = 17.8506551147
size_z = 26.2011977056