center_x = 159.157092986
center_y = 192.931081331
center_z = 173.739847253
size_x = 44.4807775032
size_y = 32.2663789442
size_z = 31.7347707472
