center_x = 184.751155407
center_y = 180.908902169
center_z = 168.117811822
size_x = 32.8228425428
size_y = 33.1781157017
size_z = 36.4483024623
