center_x = 183.748388132
center_y = 191.223398719
center_z = 183.728984225
size_x = 34.9164553599
size_y = 37.2185823679
size_z = 26.3546589741
