center_x = 136.359818556
center_y = 191.640705874
center_z = 179.417239393
size_x = 34.7345289055
size_y = 28.4430853148
size_z = 27.1042465752
