center_x = -10.365365095
center_y = 16.3670186153
center_z = 5.41992822936
size_x = 25.5440653482
size_y = 31.2193572061
size_z = 29.1843266745
