center_x = -35.6716779495
center_y = 17.4634509089
center_z = 97.4529291227
size_x = 29.2610231188
size_y = 23.6326589353
size_z = 24.2647842998