center_x = -35.5466252421
center_y = 20.1866133902
center_z = 98.5421139844
size_x = 25.4606509582
size_y = 29.0789838979
size_z = 27.4402940635