center_x = 51.088381299
center_y = -30.9988378889
center_z = 45.9830336715
size_x = 27.9657839947
size_y = 23.0457835779
size_z = 30.4876378263
