center_x = -38.4839909359
center_y = -49.4020018994
center_z = 17.2809582122
size_x = 37.0386707387
size_y = 37.4626439751
size_z = 36.5270845101