center_x = -25.3623109988
center_y = -2.83568752133
center_z = 19.9088052396
size_x = 46.4674808793
size_y = 33.8358111765
size_z = 38.6501602862