center_x = 117.473314909
center_y = 59.0328441611
center_z = 99.4938861298
size_x = 24.5123892729
size_y = 27.0899589126
size_z = 24.8141686382