center_x = -25.8567685388
center_y = -10.5298509171
center_z = -10.9643161035
size_x = 38.1313927357
size_y = 46.3729778998
size_z = 28.9451868328