center_x = 83.5324794914
center_y = 115.147618828
center_z = 121.061539236
size_x = 31.3974406986
size_y = 26.0826820745
size_z = 28.3492421265