center_x = 93.6586149244
center_y = 106.134241678
center_z = 96.5716824666
size_x = 27.8016379568
size_y = 26.9002847232
size_z = 26.5871507168