center_x = 5.92051674036
center_y = 1.03889715372
center_z = -10.0956853464
size_x = 31.4048642714
size_y = 24.3802923176
size_z = 27.6829779417