center_x = 9.94274930469
center_y = 1.59448669841
center_z = -8.17220836835
size_x = 17.5900314125
size_y = 27.2919261737
size_z = 24.9980916342