center_x = 24.4862002109
center_y = 8.02665661391
center_z = 192.077348854
size_x = 34.2755795792
size_y = 32.4455726886
size_z = 33.3884757433
