center_x = -48.327415699
center_y = 41.0316677478
center_z = 20.6339751734
size_x = 26.1514596737
size_y = 25.0817521342
size_z = 28.2851272572