center_x = -52.831098766
center_y = 32.3967014521
center_z = 66.3637430619
size_x = 29.5309194399
size_y = 31.0857743234
size_z = 26.4938997059