center_x = -59.5214665365
center_y = 20.7812240764
center_z = 84.7237809943
size_x = 21.3201725507
size_y = 26.1956674925
size_z = 24.7940964183