center_x = -68.8691832123
center_y = 13.7686452092
center_z = 29.5401089431
size_x = 24.85976301
size_y = 30.9809578885
size_z = 24.7940964183