center_x = -61.9112719363
center_y = 23.0160301814
center_z = 59.136234017
size_x = 24.85976301
size_y = 29.7074656016
size_z = 24.7940964183