center_x = -64.3923833966
center_y = 13.0790769364
center_z = 48.3657673306
size_x = 25.7031722202
size_y = 23.5880159623
size_z = 23.7834997022