center_x = 74.6603553616
center_y = -9.39089739717
center_z = 30.6125583165
size_x = 30.4508517024
size_y = 28.1764122521
size_z = 32.513715754