center_x = 51.1532597734
center_y = 54.2185377095
center_z = 81.4100997971
size_x = 26.7707671415
size_y = 34.0384380852
size_z = 30.7222131075
