center_x = 7.58247154855
center_y = 5.23903629517
center_z = -7.09221034457
size_x = 30.1931086195
size_y = 27.703083679
size_z = 30.9186274405