center_x = -11.4002979022
center_y = -3.39885061069
center_z = 15.196610159
size_x = 28.9769758534
size_y = 26.2973826648
size_z = 28.1654787001