center_x = -7.03950704566
center_y = -3.74922874407
center_z = -1.4451715636
size_x = 24.3229177773
size_y = 24.8766146416
size_z = 23.3983994552