center_x = -93.7131768623
center_y = 71.9825822669
center_z = 53.3773963488
size_x = 40.1732683405
size_y = 34.2323791765
size_z = 23.5252410985