center_x = -61.2028137725
center_y = 88.6457515836
center_z = 8.20098919519
size_x = 27.4626539649
size_y = 28.6227275307
size_z = 32.1337831102