center_x = 41.4272417556
center_y = 58.1675114787
center_z = 61.5901738985
size_x = 32.3354847064
size_y = 32.5417680514
size_z = 33.8109028961