center_x = 39.7075624125
center_y = 5.27633938273
center_z = -23.5495688339
size_x = 61.0778639747
size_y = 59.6511143484
size_z = 62.6826069861