center_x = 97.9827810785
center_y = 112.786935113
center_z = 119.806979609
size_x = 40.2649920613
size_y = 35.662411429
size_z = 35.3574252468