center_x = -0.0920205529071
center_y = 8.81370514948
center_z = -17.1728593051
size_x = 34.7782057449
size_y = 20.1472486363
size_z = 28.27025596