center_x = 101.052859623
center_y = 109.048869359
center_z = 127.595549284
size_x = 32.0907620556
size_y = 29.4437716103
size_z = 29.5703365573