center_x = -2.55625267401
center_y = -2.37381906792
center_z = 0.234178839061
size_x = 31.0911173254
size_y = 29.0926240547
size_z = 25.614384827