center_x = -30.5709292137
center_y = 18.8065062073
center_z = 21.8413472326
size_x = 32.321225034
size_y = 24.9112360257
size_z = 31.2961923064