center_x = 62.4235590286
center_y = 52.5720028142
center_z = 22.694573873
size_x = 32.3155336988
size_y = 34.4934520871
size_z = 42.9477830414