center_x = -9.86948152824
center_y = 29.00785229
center_z = -33.351200157
size_x = 43.406037909
size_y = 34.8583926648
size_z = 43.4433333359