center_x = 42.8473013119
center_y = 57.6689700002
center_z = 61.1967129766
size_x = 30.8978837497
size_y = 30.5250733409
size_z = 31.1448346848
