center_x = 142.916181628
center_y = 136.970999258
center_z = 123.959015298
size_x = 57.6430522032
size_y = 49.1030623473
size_z = 54.1880851883
