center_x = 113.408437334
center_y = 114.526650084
center_z = 103.407238572
size_x = 28.3832319532
size_y = 27.6920670555
size_z = 28.6485104219