center_x = -6.50005654189
center_y = 15.2039026419
center_z = -29.2014828621
size_x = 9.1963419925
size_y = 13.8351825015
size_z = 13.2061088359
