center_x = -22.9469335911
center_y = -15.3331459789
center_z = 16.3677916317
size_x = 34.7945989353
size_y = 37.3548011609
size_z = 37.7016069221
