center_x = -14.5742805069
center_y = -1.37731582554
center_z = 13.4010333683
size_x = 28.4800656193
size_y = 30.0077803961
size_z = 26.8700575783
