center_x = 13.4641844215
center_y = -8.44054066194
center_z = 67.2879356772
size_x = 25.0
size_y = 25.8957994612
size_z = 24.7156713543