center_x = 24.8041661689
center_y = -5.33159320887
center_z = 69.5587873631
size_x = 29.3723529602
size_y = 33.1406138828
size_z = 26.5758061776