center_x = 9.38354170221
center_y = -23.3928076859
center_z = 66.4629355774
size_x = 24.0982237883
size_y = 25.4352011392
size_z = 25.8933343112