center_x = 85.9650832987
center_y = -7.32237377691
center_z = 43.7884914551
size_x = 37.8809101147
size_y = 31.1338366458
size_z = 31.0952889802