center_x = 111.740321088
center_y = 195.309875863
center_z = 174.947092405
size_x = 29.1103821113
size_y = 28.4430853148
size_z = 27.1042465752
