center_x = -3.06752291121
center_y = 4.02567236941
center_z = 10.3526492307
size_x = 30.674534226
size_y = 26.7109351007
size_z = 32.6026537691