center_x = 6.26557985166
center_y = -1.20428425511
center_z = 2.65187470499
size_x = 24.5785853608
size_y = 25.7001371739
size_z = 23.0079659662