center_x = 18.0159087745
center_y = 16.2380348892
center_z = -5.96056387066
size_x = 25.6811976459
size_y = 29.9730970709
size_z = 26.718203734