center_x = 30.8284322732
center_y = 3.79679414833
center_z = 46.784419028
size_x = 29.5957148841
size_y = 32.4176753729
size_z = 27.5396589784