center_x = 1.42541244467
center_y = 9.35656136587
center_z = 9.85238144023
size_x = 23.1271603369
size_y = 24.6585772029
size_z = 34.6657541001