center_x = 18.8360517575
center_y = 33.4144819536
center_z = 37.9184034211
size_x = 27.2900871349
size_y = 22.9233347236
size_z = 20.5518863931