center_x = 19.2516246882
center_y = 26.9108813865
center_z = 25.8781759372
size_x = 22.5519779327
size_y = 25.3649318668
size_z = 25.6470387037