center_x = -27.992167273
center_y = -40.2301309496
center_z = -28.8090439309
size_x = 32.1474396324
size_y = 27.0834141813
size_z = 26.0879242781