center_x = -13.1386324543
center_y = 31.5721723996
center_z = -5.55993809225
size_x = 16.1719421594
size_y = 17.0865196155
size_z = 14.8554394826
