center_x = 39.2651645677
center_y = -10.3863561923
center_z = -26.8067466379
size_x = 25.7025759646
size_y = 25.0817165306
size_z = 25.0826959222