center_x = 114.896743114
center_y = 104.438516733
center_z = 80.9693521223
size_x = 31.2444768664
size_y = 25.3626528473
size_z = 31.437624264