center_x = 109.316554319
center_y = 119.026460889
center_z = 101.537711292
size_x = 29.5291072381
size_y = 28.7425926122
size_z = 28.4982054832