center_x = 2.687965383
center_y = -5.65941551961
center_z = -7.32460236904
size_x = 38.6138277987
size_y = 55.2048209674
size_z = 40.8486994476