center_x = -34.282436007
center_y = 2.30061022103
center_z = 36.141245143
size_x = 58.8369433112
size_y = 53.5165792214
size_z = 61.460753221
