center_x = 43.6135787146
center_y = -7.41224664469
center_z = 32.9542118829
size_x = 28.4769737944
size_y = 29.7678885533
size_z = 26.0580279467