center_x = 114.112656984
center_y = 153.41734704
center_z = 216.89314699
size_x = 50.139465211
size_y = 54.2617013897
size_z = 46.955183369
