center_x = 175.164295357
center_y = 95.2567622954
center_z = 127.742990536
size_x = 28.1016824326
size_y = 27.4878414131
size_z = 25.9193930182
