center_x = 138.786723314
center_y = 97.5864087273
center_z = 152.534743739
size_x = 32.5346901903
size_y = 31.307429548
size_z = 28.3963281054
