center_x = 170.920471743
center_y = 93.1656042355
center_z = 144.755985109
size_x = 26.2221456465
size_y = 23.3780840568
size_z = 25.6101164387
