center_x = 147.65894305
center_y = 171.063311934
center_z = 169.538148469
size_x = 27.4501404687
size_y = 25.3589543171
size_z = 27.9625529828
