center_x = 130.80112261
center_y = 83.6317719045
center_z = 154.332932074
size_x = 24.3264518839
size_y = 25.3959138554
size_z = 23.3153665209
