center_x = 145.683392071
center_y = 159.227888102
center_z = 173.104222423
size_x = 25.5404558367
size_y = 25.439960102
size_z = 25.9193930182
