center_x = -9.34263565515
center_y = 14.0848645955
center_z = -8.6481129069
size_x = 46.7900064697
size_y = 45.0385414986
size_z = 46.7485497306