center_x = 21.5603266638
center_y = 1.33552670236
center_z = -15.9752704616
size_x = 17.3086752136
size_y = 18.7250727944
size_z = 22.4442916884