center_x = 22.5242033293
center_y = -1.90237805548
center_z = -7.96475455764
size_x = 17.3086752136
size_y = 17.7843994801
size_z = 18.9107880716