center_x = -31.8752758946
center_y = -5.73127589851
center_z = -4.75259386242
size_x = 21.2095074645
size_y = 21.533975034
size_z = 23.527165337