center_x = -31.8931708985
center_y = -1.31077436321
center_z = 28.5330216811
size_x = 42.5654964594
size_y = 48.4843724432
size_z = 36.9499465937