center_x = -30.4028676868
center_y = -6.21430388344
center_z = 7.2581493409
size_x = 42.5654964594
size_y = 48.4843724432
size_z = 36.9499465937