center_x = -18.7314511512
center_y = 31.8101327775
center_z = 4.92342931165
size_x = 36.8331065201
size_y = 46.235221549
size_z = 37.0198330834