center_x = 16.8647818062
center_y = 46.3654111026
center_z = 42.5556788505
size_x = 32.739418531
size_y = 30.3129072922
size_z = 39.7991427282
