center_x = -11.7142079094
center_y = -10.2857105315
center_z = 10.3418951958
size_x = 17.7808427874
size_y = 22.1059355626
size_z = 15.499262586