center_x = 14.7508730807
center_y = 15.1607119922
center_z = 4.46967546546
size_x = 31.2472664498
size_y = 30.5265952831
size_z = 27.8591812686