center_x = 73.2763122845
center_y = -80.5899941083
center_z = -19.8685394149
size_x = 31.9157923944
size_y = 31.3175961094
size_z = 31.2066186034