center_x = 64.598800962
center_y = -78.3720800599
center_z = -23.8874054909
size_x = 30.0445654344
size_y = 27.4967335771
size_z = 26.6087749395