center_x = 72.587914311
center_y = 72.251466231
center_z = -6.81074429179
size_x = 53.1039178218
size_y = 37.3352544999
size_z = 46.2942134978