center_x = 8.78953656529
center_y = 5.09653204041
center_z = -22.4398083935
size_x = 29.8953374302
size_y = 28.9921278394
size_z = 29.2744036194
