center_x = 38.1169780396
center_y = -5.57337546034
center_z = 13.3410459326
size_x = 39.8072231182
size_y = 28.0372239217
size_z = 25.8998323393