center_x = 50.3337252208
center_y = -3.94079593769
center_z = 4.65343417391
size_x = 33.0225002329
size_y = 33.2924464899
size_z = 35.0893138738