center_x = 1.19536382943
center_y = -9.82367275244
center_z = -37.5908118727
size_x = 30.6967854343
size_y = 18.6975312928
size_z = 14.2324865251