center_x = -21.2299631406
center_y = -9.70102228198
center_z = 13.7435628311
size_x = 31.2257780729
size_y = 33.2909167072
size_z = 32.637441015