center_x = -2.62640043044
center_y = 4.79456852112
center_z = -4.12008440466
size_x = 29.4216837131
size_y = 11.6098630775
size_z = 22.0589603241