center_x = -2.38614199275
center_y = 9.85656200919
center_z = -10.7398404932
size_x = 39.2134083916
size_y = 32.2582485629
size_z = 31.940479882