center_x = 12.7827266108
center_y = 8.74368922007
center_z = -8.152311775
size_x = 22.9302513698
size_y = 25.5549936638
size_z = 22.2908467666