center_x = 27.886689417
center_y = 78.5132401442
center_z = 45.1648579274
size_x = 29.2684481859
size_y = 31.2304181017
size_z = 29.2453015659