center_x = 15.3378216798
center_y = 57.4193026659
center_z = 48.2776067535
size_x = 25.2631938315
size_y = 24.3768814998
size_z = 25.2182787173