center_x = 32.1033812368
center_y = 77.8036558136
center_z = 49.8210235974
size_x = 25.2631938315
size_y = 24.4090342627
size_z = 23.3671550407