center_x = 10.4463080793
center_y = 69.7751481015
center_z = 65.8421072308
size_x = 23.4345262098
size_y = 19.8242849663
size_z = 24.8230383435