center_x = -8.89349760629
center_y = -75.1066278373
center_z = -13.137414918
size_x = 22.5220054992
size_y = 23.105556691
size_z = 22.29618086
