center_x = 241.576837576
center_y = 241.875443892
center_z = 207.315984112
size_x = 29.7099880558
size_y = 30.8823109087
size_z = 45.2900418626