center_x = 139.451537321
center_y = 153.625568034
center_z = 206.76276933
size_x = 15.3997096008
size_y = 14.7917334452
size_z = 18.4461750243
