center_x = 51.6372437528
center_y = -17.3482916335
center_z = 57.0706212029
size_x = 29.2813715911
size_y = 25.8753999503
size_z = 27.4051188267
