center_x = 33.1816875452
center_y = 5.51486131006
center_z = 65.9854794655
size_x = 25.7500629579
size_y = 25.8753999503
size_z = 22.2595798065
