center_x = 53.810402207
center_y = -36.0714978567
center_z = 51.7817886583
size_x = 28.6730998397
size_y = 23.0457835779
size_z = 30.4876378263
