center_x = -11.2394162261
center_y = 10.9938403276
center_z = -27.5338572421
size_x = 30.4708250475
size_y = 27.4886092137
size_z = 30.5071537917