center_x = -1.8817549542
center_y = 8.39991244719
center_z = -30.968520845
size_x = 31.0878799197
size_y = 28.0906804595
size_z = 29.6607019433