center_x = 4.06573412676
center_y = 15.5834135909
center_z = -14.8748278699
size_x = 39.035051043
size_y = 29.959479575
size_z = 40.4258086998