center_x = 21.5641664391
center_y = -18.0431978462
center_z = -1.04434679202
size_x = 22.731819341
size_y = 25.9275377624
size_z = 24.5001768349
