center_x = -19.7908385802
center_y = 6.33846123506
center_z = 20.9588547533
size_x = 45.6768568645
size_y = 47.8107131312
size_z = 52.8710710795
