center_x = 11.2671670798
center_y = 42.8005329726
center_z = 36.9739636206
size_x = 36.8140229608
size_y = 34.5219727216
size_z = 30.07311281