center_x = 3.59852383631
center_y = 24.4624962246
center_z = 42.316313075
size_x = 30.4346494275
size_y = 23.0300943276
size_z = 28.5380061714