center_x = -1.3649088495
center_y = -9.74367190731
center_z = -7.30027145253
size_x = 19.2900316946
size_y = 21.741352209
size_z = 17.3981444522
