center_x = -1.70811859035
center_y = -9.13152768354
center_z = 8.32809618749
size_x = 23.7565465762
size_y = 19.527196125
size_z = 31.571573642