center_x = -8.66776166659
center_y = 67.4647310594
center_z = 87.8455480292
size_x = 36.2074598491
size_y = 43.4493351165
size_z = 39.2461225265