center_x = -2.62516544169
center_y = 157.167408985
center_z = 60.0833770687
size_x = 13.7859874731
size_y = 12.5223043624
size_z = 14.4841256075
