center_x = -20.2746638887
center_y = 162.549928898
center_z = 62.1163031032
size_x = 10.0889725281
size_y = 10.6902407974
size_z = 10.4104254805
