center_x = 8.94099221792
center_y = 13.2884974942
center_z = 17.8427347567
size_x = 25.176353433
size_y = 22.0332089278
size_z = 29.9986775569

