center_x = 195.593101503
center_y = 217.450154317
center_z = 130.776881442
size_x = 34.9235672679
size_y = 36.0304445825
size_z = 34.4203391093