center_x = 32.7358076207
center_y = -17.0673123293
center_z = 73.3319866998
size_x = 21.6290157734
size_y = 24.126498065
size_z = 19.9861535422