center_x = 14.0291130593
center_y = 16.6052827191
center_z = 25.4207513479
size_x = 36.0348262409
size_y = 28.7615540726
size_z = 30.0096355727