center_x = 22.2750346887
center_y = 49.2774842278
center_z = 194.950864044
size_x = 39.5243205289
size_y = 34.6602858655
size_z = 31.9591564437