center_x = 32.33828801
center_y = 35.6690905716
center_z = 207.805385506
size_x = 49.8202932192
size_y = 32.2735135918
size_z = 36.2993506673