center_x = 69.0490310512
center_y = 22.2604096344
center_z = 197.215975573
size_x = 33.7545922171
size_y = 34.6119844888
size_z = 37.5393011005