center_x = 31.0004066801
center_y = 18.9966676351
center_z = 187.500653989
size_x = 35.369842187
size_y = 28.6282491729
size_z = 38.5538098075