center_x = 61.501943268
center_y = 47.599561056
center_z = 206.46938131
size_x = 35.3944125671
size_y = 37.6334648762
size_z = 31.4958617589