center_x = 47.3318613853
center_y = 36.5545494058
center_z = 193.160409689
size_x = 33.5906595365
size_y = 35.4148995672
size_z = 34.7711161012