center_x = 15.6916907724
center_y = 9.84829917991
center_z = 21.9288123108
size_x = 18.0784777278
size_y = 18.4352049876
size_z = 15.8532800417