center_x = -10.9484147587
center_y = -0.180099750771
center_z = 2.9413995211
size_x = 34.4233424517
size_y = 33.8358111765
size_z = 50.3109651622