center_x = 23.2007444766
center_y = 0.406674430498
center_z = -33.160981903
size_x = 34.4233424517
size_y = 38.9576623956
size_z = 42.9028243921