center_x = -6.21666311436
center_y = -2.07345331025
center_z = -2.42606025686
size_x = 35.4818927457
size_y = 33.9263636943
size_z = 25.1329376066