center_x = -10.5648242921
center_y = 5.08549495799
center_z = -1.11585313377
size_x = 44.9495710123
size_y = 44.3587962679
size_z = 53.7907433324
