center_x = 11.3372961842
center_y = 9.81617684605
center_z = -12.238812953
size_x = 32.4509818915
size_y = 16.7964931191
size_z = 22.7405989274