center_x = -31.2524341209
center_y = -21.1259878365
center_z = -15.0722013456
size_x = 52.4811627848
size_y = 43.3653376845
size_z = 47.6258768128