center_x = 2.94359316432
center_y = -16.7126850598
center_z = 5.35565775474
size_x = 24.9777969496
size_y = 25.7732286501
size_z = 25.6722429125