center_x = 5.49267305589
center_y = -1.14565873055
center_z = -22.8843873298
size_x = 27.8503712714
size_y = 21.31496623
size_z = 20.8686383049