center_x = 12.9674656497
center_y = 2.16230351688
center_z = -14.5622563028
size_x = 25.0
size_y = 21.9647735007
size_z = 20.9072190727