center_x = -4.7659952638
center_y = 13.8803274169
center_z = -1.15545729908
size_x = 35.3787944241
size_y = 22.0790061805
size_z = 27.6249473391