center_x = 150.464876647
center_y = 134.326758908
center_z = 170.154541265
size_x = 22.7180786625
size_y = 28.3225401968
size_z = 26.9592054186