center_x = 149.126563564
center_y = 141.59117775
center_z = 177.693446946
size_x = 22.5626859743
size_y = 20.2737871929
size_z = 27.824878164