center_x = 130.531768471
center_y = 133.596684219
center_z = 168.053263022
size_x = 28.4544789372
size_y = 25.243467554
size_z = 30.157418188