center_x = 53.9624592288
center_y = 30.8174876031
center_z = 118.877307706
size_x = 23.5967085303
size_y = 33.1335035609
size_z = 23.8901576042