center_x = 162.13604575
center_y = 192.530451529
center_z = 174.651684454
size_x = 40.1151656638
size_y = 31.7368451008
size_z = 28.4765054468