center_x = -20.2927622316
center_y = 3.28553725053
center_z = -42.3637482684
size_x = 37.915728666
size_y = 36.3464717521
size_z = 39.7793595891

