center_x = -21.1670407775
center_y = 9.34090363901
center_z = -48.0313949169
size_x = 29.6757048733
size_y = 35.7519502467
size_z = 39.7793595891

