center_x = 114.440217112
center_y = 129.161902017
center_z = 168.555637315
size_x = 42.5277362788
size_y = 37.3816580578
size_z = 32.6732605123
