center_x = 101.104016734
center_y = 78.5615196992
center_z = 80.7489260281
size_x = 38.4123705436
size_y = 34.7990280127
size_z = 41.3044717094
