center_x = 6.34213953419
center_y = 2.06854848036
center_z = -4.17940966103
size_x = 42.564443337
size_y = 40.688059134
size_z = 42.4931779623