center_x = 31.7847279742
center_y = 16.0133419186
center_z = 10.5105930533
size_x = 24.4131796516
size_y = 17.2396721872
size_z = 22.1886911344