center_x = 6.7483166475
center_y = -30.7672453601
center_z = 5.09664901121
size_x = 34.5412439219
size_y = 35.2486795978
size_z = 34.8398203038