center_x = -16.5634753067
center_y = 4.509796317
center_z = 38.3822538192
size_x = 43.8023434145
size_y = 32.8246730355
size_z = 40.1616588547