center_x = -2.91863451662
center_y = -21.4143264928
center_z = -19.7706971368
size_x = 26.0383163255
size_y = 29.8879337551
size_z = 25.6462543986