center_x = -4.36502914809
center_y = 4.41749308048
center_z = -12.2744640843
size_x = 25.2828488372
size_y = 28.5043284492
size_z = 29.1276530573