center_x = 39.7831319501
center_y = 8.78859634052
center_z = 121.40252082
size_x = 30.1585524671
size_y = 31.3680362312
size_z = 32.4893104553