center_x = 13.0739682156
center_y = -7.42955177019
center_z = 18.971407109
size_x = 44.4056453052
size_y = 49.6512622943
size_z = 37.3626711501