center_x = 54.3188072714
center_y = -110.276412188
center_z = -75.2076368162
size_x = 21.203737628
size_y = 29.1700695773
size_z = 22.1470520984