center_x = 52.6314146423
center_y = -99.2924199342
center_z = -72.0255602774
size_x = 21.203737628
size_y = 23.6781450609
size_z = 28.2555284351