center_x = 53.1789467509
center_y = -77.8509645581
center_z = -21.0571329901
size_x = 25.5759563498
size_y = 31.0449103939
size_z = 28.2555284351