center_x = 12.6885492033
center_y = 38.5134492116
center_z = 9.80977981444
size_x = 34.914364613
size_y = 33.4889720515
size_z = 37.3359978272
