center_x = 3.91962548471
center_y = 5.57735867286
center_z = -28.1289295298
size_x = 22.8738254761
size_y = 22.1030067232
size_z = 26.7869225965