center_x = -3.20055574339
center_y = -2.62164645333
center_z = -25.9731784845
size_x = 26.3818508427
size_y = 25.647587165
size_z = 25.0