center_x = -2.38588162305
center_y = -14.7088710961
center_z = -10.4581323426
size_x = 25.1817052294
size_y = 32.4080089035
size_z = 27.8879950858
