center_x = -5.53994186509
center_y = -12.8026563303
center_z = 6.93034072953
size_x = 53.9516341998
size_y = 39.59755927
size_z = 47.1520592515