center_x = 137.537117298
center_y = 151.593083996
center_z = 151.763466021
size_x = 30.7589123528
size_y = 30.7663715626
size_z = 41.212060869