center_x = -6.27191250677
center_y = -14.226188784
center_z = 7.64724728319
size_x = 33.972037419
size_y = 40.9572871739
size_z = 37.1362778026
