center_x = -34.5630702552
center_y = 9.32751206126
center_z = -7.29997588956
size_x = 62.6790814341
size_y = 73.8446321748
size_z = 64.6104102997