center_x = 133.694760369
center_y = 116.22975142
center_z = 183.944920378
size_x = 31.8171712991
size_y = 39.2911478025
size_z = 37.2354691623
