center_x = 12.2311425735
center_y = 8.2318679999
center_z = -2.64166342103
size_x = 47.6223057465
size_y = 45.2237430143
size_z = 53.7845787945