center_x = -6.99123510904
center_y = 11.092984349
center_z = -10.1797067133
size_x = 38.9795507199
size_y = 41.9696917699
size_z = 36.7312188358