center_x = -5.42170949536
center_y = -73.7244775818
center_z = 67.752823403
size_x = 31.0655254244
size_y = 34.6768132676
size_z = 33.0237083711