center_x = 16.458059469
center_y = 37.40394799
center_z = 42.7000177827
size_x = 25.176353433
size_y = 22.0332089278
size_z = 20.6044982731

