center_x = -0.664665335962
center_y = 25.6911438121
center_z = -9.42885697071
size_x = 21.9309391837
size_y = 15.3741366102
size_z = 16.914385888
