center_x = -3.17283097186
center_y = 17.9759653881
center_z = -11.7632195855
size_x = 14.1776304697
size_y = 13.4438580067
size_z = 15.6824243529
