center_x = 0.673696367537
center_y = -7.96225270251
center_z = 14.0299236399
size_x = 28.4047605465
size_y = 21.8280675947
size_z = 28.1596650537