center_x = 119.159111762
center_y = 172.530769501
center_z = 153.36343625
size_x = 34.6733056663
size_y = 30.4927182638
size_z = 33.1001761802