center_x = -148.191463972
center_y = 18.2493628471
center_z = -22.4586842248
size_x = 26.8945629269
size_y = 27.627547374
size_z = 31.8926401432