center_x = 12.6439297258
center_y = 23.1342748889
center_z = 53.9823235656
size_x = 16.5922021076
size_y = 13.5271520652
size_z = 16.6780722614
