center_x = 100.7875
center_y = 125.3742
center_z = 104.3081
size_x = 107.143408966
size_y = 36.4319976807
size_z = 75.386397934