center_x = -6.43384130735
center_y = 6.94700981993
center_z = 6.98646964338
size_x = 31.3527083394
size_y = 16.945418631
size_z = 29.238432609