center_x = -32.8983063736
center_y = 20.9379508563
center_z = 21.3302712762
size_x = 46.3835518487
size_y = 46.0385497069
size_z = 54.2865108164
