center_x = -8.5093911351
center_y = -3.46045513328
center_z = 14.1104987447
size_x = 42.7010895124
size_y = 40.939836849
size_z = 42.2648037191
