center_x = 13.7491624613
center_y = 15.9911781057
center_z = 53.599282432
size_x = 30.6731778474
size_y = 21.0147121161
size_z = 19.7649281717
