center_x = -37.2794805769
center_y = -22.4555306844
center_z = 8.05214193244
size_x = 21.8913480637
size_y = 24.9365145635
size_z = 16.5612122709