center_x = 146.079424729
center_y = 189.164520924
center_z = 217.344903588
size_x = 38.9225592172
size_y = 41.4113277054
size_z = 42.3833016599