center_x = 124.946050443
center_y = 197.263975753
center_z = 109.386975956
size_x = 25.1680013957
size_y = 28.2317081871
size_z = 27.6214531229