center_x = 161.080124
center_y = 188.76257343
center_z = 201.7001456
size_x = 38.9225592172
size_y = 41.4113277054
size_z = 40.9916658929