center_x = 183.237064637
center_y = 207.266482318
center_z = 189.679923312
size_x = 39.5700664142
size_y = 37.3811585477
size_z = 41.8458000768