center_x = 155.459352361
center_y = 231.377464317
center_z = 161.432042383
size_x = 35.1689001595
size_y = 37.3811585477
size_z = 39.2609642816