center_x = 162.474660076
center_y = 203.675270729
center_z = 219.962896614
size_x = 24.5946114034
size_y = 27.4143023411
size_z = 23.8299117363