center_x = 186.18972267
center_y = 213.52015432
center_z = 108.506007326
size_x = 31.3538097739
size_y = 27.7481382015
size_z = 30.2687096726