center_x = 132.635294131
center_y = 190.826573482
center_z = 188.612875315
size_x = 31.3538097739
size_y = 27.7481382015
size_z = 30.2687096726