center_x = 153.818742368
center_y = 176.747353234
center_z = 228.790089631
size_x = 31.3538097739
size_y = 28.2317081871
size_z = 25.4587405869