center_x = 69.7817223409
center_y = 32.1733100636
center_z = 6.82937797034
size_x = 17.7099034262
size_y = 22.5639756721
size_z = 19.4596844508
