center_x = 71.9011207908
center_y = 39.8480142469
center_z = 4.69897770205
size_x = 14.1245571705
size_y = 13.15330307
size_z = 14.3068665938
