center_x = -29.4140872281
center_y = -10.1553028564
center_z = -11.1061875901
size_x = 27.6575707916
size_y = 18.0836086642
size_z = 20.3216184946