center_x = 19.2330699349
center_y = 27.4015942632
center_z = 88.1683326934
size_x = 31.4801271092
size_y = 38.1609634686
size_z = 32.9008086198