center_x = 34.3568905671
center_y = 4.79031619226
center_z = 79.7795187095
size_x = 33.1823370143
size_y = 31.6151764794
size_z = 32.9008086198