center_x = -1.99994750577
center_y = -13.4515462229
center_z = 8.19226486079
size_x = 27.8009871616
size_y = 26.917459598
size_z = 21.5186716281

