center_x = 95.3592201041
center_y = 107.523495433
center_z = 119.759019836
size_x = 36.0923265999
size_y = 31.9700143989
size_z = 30.3452715138