center_x = -13.2816992644
center_y = 4.35578234842
center_z = 19.2741076278
size_x = 44.6461527794
size_y = 48.3209154963
size_z = 45.9974143171