center_x = 18.9043686275
center_y = -96.4324915812
center_z = 14.8570387877
size_x = 43.1239068966
size_y = 46.4690921642
size_z = 46.3415491719