center_x = 23.3918950255
center_y = -93.414400064
center_z = 24.3707908927
size_x = 33.2484639604
size_y = 39.3736365826
size_z = 35.8855513302