center_x = 31.6647714829
center_y = -50.7602345965
center_z = 11.9374989156
size_x = 50.6752841836
size_y = 44.3043841267
size_z = 51.8600213724