center_x = 9.31315642258
center_y = 65.6273761091
center_z = 23.4325395903
size_x = 25.4566636985
size_y = 24.0851427658
size_z = 29.8754903625