center_x = -30.8518388264
center_y = -25.7636311177
center_z = -15.46115061
size_x = 50.1849379244
size_y = 51.2429392338
size_z = 49.7243333641