center_x = -3.19228508074
center_y = -1.62675891207
center_z = -0.319843785052
size_x = 22.7285282052
size_y = 24.3372663499
size_z = 23.0621503448