center_x = 1.17272695173
center_y = -0.852983814152
center_z = -0.636653523053
size_x = 32.8890150075
size_y = 36.7923976991
size_z = 34.1016423014