center_x = -7.22432934747
center_y = 6.13027023076
center_z = 6.93834680517
size_x = 35.5320279732
size_y = 36.3807969079
size_z = 36.3557996185