center_x = 31.5495056202
center_y = 1.52547981037
center_z = 4.25935462193
size_x = 33.5123438183
size_y = 33.2402321405
size_z = 35.9074377091
