center_x = 18.9110463133
center_y = 56.2041394247
center_z = 145.504650151
size_x = 25.4207483782
size_y = 25.1008191941
size_z = 27.6405634795