center_x = 1.78014190627
center_y = 1.45769127048
center_z = -5.27317916812
size_x = 42.3954640113
size_y = 37.0889861707
size_z = 39.8687860097