center_x = -5.57164259453
center_y = 4.24904761743
center_z = -1.41700860869
size_x = 30.6846508674
size_y = 19.4932916768
size_z = 34.221980761