center_x = 159.114157987
center_y = 159.254954201
center_z = 136.996436203
size_x = 47.6420313554
size_y = 47.2372065225
size_z = 36.9304206065