center_x = 140.023415547
center_y = 141.910320412
center_z = 159.970348036
size_x = 24.2017451096
size_y = 20.1953120068
size_z = 23.9607567843