center_x = 126.220030525
center_y = 123.969493966
center_z = 101.117656631
size_x = 46.8376727314
size_y = 40.5485575897
size_z = 41.9200664734
