center_x = 127.343926925
center_y = 152.187524444
center_z = 93.7354198923
size_x = 38.802837846
size_y = 36.1592404183
size_z = 39.9767285609
