center_x = 60.9468319934
center_y = 54.1800423286
center_z = 106.79785128
size_x = 32.5534235706
size_y = 36.3162079931
size_z = 42.3483241311