center_x = 62.7805388303
center_y = 70.2476599613
center_z = 98.4681034893
size_x = 30.0101264762
size_y = 32.7426599907
size_z = 27.176233092