center_x = 73.5738288544
center_y = 81.0761701919
center_z = 99.0991316626
size_x = 29.3676799907
size_y = 25.0603735723
size_z = 25.0994114889