center_x = 33.0616881023
center_y = -1.51317234037
center_z = -31.8072378013
size_x = 34.1844334971
size_y = 24.9234364792
size_z = 34.8546069646