center_x = 210.669620032
center_y = 209.297636573
center_z = 194.688396262
size_x = 33.6438605255
size_y = 32.5803659401
size_z = 30.6250348748