center_x = 218.226972476
center_y = 203.903228828
center_z = 206.166453779
size_x = 34.2445606414
size_y = 27.6201540073
size_z = 30.0117906388