center_x = 223.923656768
center_y = 245.605604021
center_z = 190.066964792
size_x = 33.3461285163
size_y = 37.3541450718
size_z = 37.7535558769