center_x = 199.173912013
center_y = 211.835113174
center_z = 221.209131738
size_x = 54.0247454155
size_y = 35.5012227162
size_z = 34.6420027375