center_x = 3.58220500657
center_y = 27.1366283275
center_z = -19.9441859089
size_x = 29.5508697686
size_y = 36.666445372
size_z = 37.3061306465