center_x = -9.60264464943
center_y = -2.38402531179
center_z = 9.67010725945
size_x = 32.7391657139
size_y = 30.0385356509
size_z = 30.3353872884