center_x = -13.623730025
center_y = 0.955667097559
center_z = -1.00080736715
size_x = 26.5232691176
size_y = 27.0036468908
size_z = 29.8478807156
