center_x = -18.3532524666
center_y = 4.24960147257
center_z = 23.5973198771
size_x = 24.5090504135
size_y = 27.2422641644
size_z = 25.1930512683