center_x = 1.8468
center_y = 2.1844
center_z = 3.3151
size_x = 155.812798691
size_y = 102.82330246
size_z = 126.284097672