center_x = 223.483324038
center_y = 216.244823926
center_z = 205.025832197
size_x = 36.5795893613
size_y = 36.8361285003
size_z = 32.065901942