center_x = 200.668702783
center_y = 204.756101879
center_z = 212.317579677
size_x = 31.2930478286
size_y = 32.1782436786
size_z = 38.9072229413