center_x = 206.030175953
center_y = 223.729952976
center_z = 206.647253609
size_x = 38.2410114449
size_y = 33.0877715172
size_z = 38.8224511542