center_x = 209.246962874
center_y = 189.694027865
center_z = 211.451786534
size_x = 40.7607676617
size_y = 30.3464986424
size_z = 35.1857858904