center_x = 1.7584488142
center_y = -2.90734331104
center_z = -10.0850846799
size_x = 46.1022651207
size_y = 45.7911493581
size_z = 44.195669617