center_x = -7.67740008977
center_y = -3.4381052799
center_z = 13.1037234429
size_x = 28.4047405823
size_y = 32.2334551767
size_z = 28.4899566161
