center_x = -20.3837834349
center_y = 49.7892361821
center_z = 1.7615729377
size_x = 40.4751056688
size_y = 32.3784004362
size_z = 33.5576432576