center_x = 8.91671381256
center_y = 2.24081409061
center_z = -6.96429044981
size_x = 36.2508191602
size_y = 28.8876499529
size_z = 26.3804489172