center_x = 6.71798450121
center_y = -3.88351117592
center_z = -15.8308091247
size_x = 27.3458435458
size_y = 19.0126302334
size_z = 21.4517204941