center_x = 2.90012225825
center_y = -2.52697682344
center_z = -5.28838696999
size_x = 57.768333491
size_y = 45.6398946995
size_z = 54.6381593609
