center_x = 66.0590387666
center_y = -7.07643020049
center_z = 21.9961545546
size_x = 40.7458177814
size_y = 34.5253177188
size_z = 33.8761763164