center_x = -0.588743747663
center_y = 10.8804073603
center_z = 4.01844919604
size_x = 28.7721793926
size_y = 27.5823128685
size_z = 36.9769613792