center_x = -8.94015429597
center_y = 13.3899609521
center_z = 2.4928317945
size_x = 41.2076488546
size_y = 42.6784651691
size_z = 46.5628115422
