center_x = 69.9160788703
center_y = -11.9805547096
center_z = 20.4235785991
size_x = 25.3992185663
size_y = 30.4701293156
size_z = 26.6817997635