center_x = 85.5057721071
center_y = 112.075171156
center_z = 123.831149896
size_x = 29.7293766859
size_y = 34.1371307258
size_z = 41.6633847384