center_x = 155.997657867
center_y = 128.35352871
center_z = 125.004290777
size_x = 39.2298815409
size_y = 38.3185988264
size_z = 45.4956363603