center_x = 99.8015768536
center_y = 82.4661366846
center_z = 91.7268899705
size_x = 35.0554059255
size_y = 35.1071943659
size_z = 37.2571744786