center_x = 136.700520755
center_y = 155.670716962
center_z = 92.1383430607
size_x = 35.0554059255
size_y = 35.1071943659
size_z = 37.2571744786