center_x = 100.225664645
center_y = 110.436538949
center_z = 133.094776467
size_x = 30.1512975431
size_y = 31.8059868621
size_z = 33.7500503805