center_x = 18.7234470243
center_y = -7.38243735758
center_z = -12.3312792149
size_x = 35.4882735572
size_y = 30.9044255684
size_z = 28.7118864658