center_x = 95.104789131
center_y = 93.2102596661
center_z = 118.234829171
size_x = 42.8917485058
size_y = 35.689438975
size_z = 38.8396972656