center_x = 100.563415867
center_y = 111.652195719
center_z = 93.9707329016
size_x = 42.8917485058
size_y = 41.2880273082
size_z = 43.4584907445