center_x = -38.1088423153
center_y = 20.9844708042
center_z = 11.0061344965
size_x = 31.0986335376
size_y = 35.7270012427
size_z = 43.067776098
