center_x = -1.45326742814
center_y = -0.559841894228
center_z = 17.8643408099
size_x = 25.6345943372
size_y = 26.2893966442
size_z = 27.6492550649
