center_x = -2.94423259737
center_y = 16.7985705013
center_z = -6.89717714012
size_x = 31.484543044
size_y = 28.627567292
size_z = 23.9312284148