center_x = 4.7152914381
center_y = 4.9517117666
center_z = -11.7088020178
size_x = 31.3804889082
size_y = 32.3030581762
size_z = 33.8288722026