center_x = -4.95332699049
center_y = 3.57995410539
center_z = -32.5211686459
size_x = 18.3309293794
size_y = 27.5744759565
size_z = 27.3811441156
