center_x = -0.704684146829
center_y = 3.46385530601
center_z = -26.5897882822
size_x = 9.1963419925
size_y = 10.2402837777
size_z = 9.09677718007
