center_x = -19.9258756066
center_y = -2.03718397218
center_z = 6.24183140621
size_x = 39.3161286492
size_y = 34.4944262466
size_z = 32.0034089287
