center_x = 17.600023801
center_y = 39.5446052514
center_z = -43.2017043293
size_x = 20.9923948523
size_y = 13.6353607163
size_z = 17.2564978846