center_x = -29.2222576209
center_y = -10.156506434
center_z = -48.2992025275
size_x = 41.4551742749
size_y = 41.4651016223
size_z = 31.6597901774
