center_x = -30.4019942272
center_y = -31.2706417049
center_z = -71.926035301
size_x = 42.5810592136
size_y = 48.4892825359
size_z = 41.6598443853
