center_x = -9.3092462165
center_y = -27.8344764868
center_z = -85.0425654038
size_x = 42.5810592136
size_y = 48.7005875284
size_z = 48.3433615523
