center_x = -33.2474055367
center_y = -67.1385312962
center_z = -85.9194922631
size_x = 34.4496943778
size_y = 29.9591390867
size_z = 36.2638754878
