center_x = -5.82483383881
center_y = -2.31336270289
center_z = 17.918275143
size_x = 37.8900984765
size_y = 43.4833439502
size_z = 36.1256708321