center_x = -15.2881829607
center_y = -2.5972100577
center_z = 36.2323559832
size_x = 39.2507188681
size_y = 27.8798426257
size_z = 32.9785343338