center_x = 1.21309133483
center_y = 1.43250180181
center_z = 55.2246486032
size_x = 19.2548006902
size_y = 21.9802096698
size_z = 20.8540506654