center_x = 6.95524713204
center_y = 2.56106545737
center_z = -16.0877031038
size_x = 51.8770363729
size_y = 46.805332794
size_z = 49.6623075165
