center_x = 29.9923596492
center_y = 23.7119042972
center_z = -12.6100562316
size_x = 16.9288680255
size_y = 20.4757912908
size_z = 22.7363248348