center_x = 11.8915761102
center_y = 63.6450642454
center_z = 130.241530501
size_x = 25.9326390343
size_y = 20.6407543393
size_z = 16.9819577841