center_x = -6.51322879567
center_y = 2.53728407363
center_z = 1.50566460887
size_x = 40.8789141307
size_y = 25.8901901966
size_z = 33.1264216655