center_x = 6.76726594875
center_y = -2.92261061728
center_z = -1.17244744475
size_x = 31.6329709907
size_y = 29.3914934734
size_z = 33.8655419095