center_x = -4.67911910271
center_y = 14.6984177848
center_z = 38.0911848646
size_x = 34.493368526
size_y = 38.9404638396
size_z = 33.4148630289