center_x = 33.1920193012
center_y = 7.07318001672
center_z = 33.2672225015
size_x = 26.6286193085
size_y = 36.5296879557
size_z = 29.8147091264