center_x = 23.0681116665
center_y = 28.2903799515
center_z = -0.0742684939604
size_x = 23.4782596648
size_y = 22.8509509359
size_z = 25.9309753961