center_x = 23.3580071778
center_y = 17.9200751036
center_z = 24.8565640593
size_x = 22.7109117321
size_y = 23.4705225353
size_z = 24.9491716106