center_x = 26.571517539
center_y = 29.3750474695
center_z = 10.735661176
size_x = 26.8245954695
size_y = 25.7466977949
size_z = 27.093671372