center_x = 2.78780310979
center_y = 3.88451940226
center_z = 28.9363560763
size_x = 26.4936902719
size_y = 22.6561446349
size_z = 27.7015223059