center_x = 35.8780846879
center_y = 20.2267552118
center_z = 0.903864546994
size_x = 25.7646027007
size_y = 22.9233347236
size_z = 26.3334734471