center_x = 37.7234895289
center_y = -12.6120926424
center_z = 11.5333066426
size_x = 27.1247994455
size_y = 33.0928703249
size_z = 25.6077080939