center_x = 36.3127437233
center_y = -5.05691825636
center_z = -31.0974467043
size_x = 30.0705514687
size_y = 27.2425917922
size_z = 30.6909353592