center_x = -11.0839909409
center_y = -29.1543195655
center_z = -14.4294962965
size_x = 41.106684505
size_y = 33.6659283933
size_z = 39.812356913