center_x = 1.59489850382
center_y = 8.40331199705
center_z = 12.1004491741
size_x = 29.55706861
size_y = 26.2252467886
size_z = 27.311920998