center_x = -0.0828549637858
center_y = -7.51807672976
center_z = 12.6160587042
size_x = 41.8766330946
size_y = 41.0178977088
size_z = 39.8517199359