center_x = 26.0944521817
center_y = -25.9853370656
center_z = 23.7195125592
size_x = 25.8693334602
size_y = 25.2266732749
size_z = 21.4303318414