center_x = -12.445545899
center_y = -24.879600126
center_z = 7.38362184962
size_x = 31.644105903
size_y = 26.89476573
size_z = 28.36961718
