center_x = -2.20081324047
center_y = -37.3510150616
center_z = -10.8683809198
size_x = 33.1896545427
size_y = 34.7544804066
size_z = 37.6073463272
