center_x = 164.913605514
center_y = 320.532971565
center_z = 244.038423519
size_x = 28.6088836116
size_y = 26.686622542
size_z = 25.3874973688