center_x = 123.370299762
center_y = 144.876833663
center_z = 166.205825585
size_x = 56.1350904077
size_y = 52.4198384151
size_z = 52.3460024235
