center_x = 31.4138351855
center_y = -17.6225911387
center_z = -2.24007423669
size_x = 45.7830214069
size_y = 70.1968150578
size_z = 51.9041181961