center_x = 140.855319556
center_y = 99.9935169121
center_z = 70.246552893
size_x = 33.395472256
size_y = 38.212542202
size_z = 37.5260891548
