center_x = 136.02024639
center_y = 95.9118340191
center_z = 81.9845104405
size_x = 34.7377184234
size_y = 38.212542202
size_z = 37.5260891548
