center_x = 109.552117334
center_y = 108.738215787
center_z = 72.1181651279
size_x = 28.9382882123
size_y = 24.389691248
size_z = 21.5580388259
