center_x = 25.3072185017
center_y = 7.87982868902
center_z = -22.9305876997
size_x = 41.4141409204
size_y = 36.0665646052
size_z = 48.9621919062
