center_x = 93.3657881139
center_y = 127.476339716
center_z = 118.019768795
size_x = 35.7037447636
size_y = 29.8832299281
size_z = 31.2089099715