center_x = 94.0657193284
center_y = 109.020409595
center_z = 89.6693326164
size_x = 25.0
size_y = 35.801913241
size_z = 34.2046506631