center_x = -10.9196328065
center_y = -4.80852336539
center_z = 3.04156277174
size_x = 22.0433273179
size_y = 25.0
size_z = 24.3627370864
