center_x = -33.6902232831
center_y = -5.44267103145
center_z = 34.3502480116
size_x = 45.1080232405
size_y = 44.0597594435
size_z = 54.2695709978
