center_x = -2.18574800137
center_y = -28.7611729108
center_z = 27.217536436
size_x = 27.9197990932
size_y = 34.945928068
size_z = 33.0364665836

