center_x = 34.5056228403
center_y = 4.07914324192
center_z = 113.207010435
size_x = 30.9530526701
size_y = 30.6223223279
size_z = 32.9008086198