center_x = 34.1360442598
center_y = 35.2186971389
center_z = 94.7009125335
size_x = 38.0505221099
size_y = 30.6223223279
size_z = 50.1740240605