center_x = 26.2788766977
center_y = -20.7654138686
center_z = 20.8050342141
size_x = 26.892691961
size_y = 32.5188087944
size_z = 32.9349508134