center_x = 12.6742709399
center_y = 5.86233713419
center_z = -21.9708168162
size_x = 32.8868509449
size_y = 36.7923976991
size_z = 34.1016423014