center_x = 14.0732724548
center_y = 17.4781491436
center_z = 51.7034403538
size_x = 30.2208281163
size_y = 23.5437241627
size_z = 23.5544493069