center_x = 2.00987246754
center_y = 0.307706106781
center_z = 53.7441264563
size_x = 43.4270627702
size_y = 39.8733016401
size_z = 35.7920241846