center_x = -6.51071281626
center_y = 1.62118314618
center_z = 7.21913988689
size_x = 26.9672646282
size_y = 29.2987130191
size_z = 28.507968744