center_x = 10.6205291189
center_y = -14.9176113083
center_z = -8.9820188501
size_x = 23.0318738
size_y = 21.7531182736
size_z = 23.5527993273