center_x = 3.17555816697
center_y = 7.92129803123
center_z = -9.84866157521
size_x = 29.170545161
size_y = 32.2342975679
size_z = 41.3154453281
