center_x = -5.7677663927
center_y = -10.3448231766
center_z = 0.700220760195
size_x = 37.7827007151
size_y = 31.6445554812
size_z = 38.8216157932