center_x = -8.77630198634
center_y = 8.1696144938
center_z = 12.9615530127
size_x = 30.406964388
size_y = 30.5939166835
size_z = 27.9187595939
