center_x = -14.3652654593
center_y = 10.8294639877
center_z = 9.87654485556
size_x = 18.892802097
size_y = 14.7968604386
size_z = 19.4191376417
