center_x = 110.519975088
center_y = 116.80990234
center_z = 83.0620901617
size_x = 29.5089572843
size_y = 34.2183970599
size_z = 31.246256306
