center_x = 4.90291813691
center_y = 26.4163410306
center_z = -12.3260962674
size_x = 22.1031854451
size_y = 20.6121113307
size_z = 24.8231305614