center_x = 380.193673628
center_y = 372.576481525
center_z = 467.376841795
size_x = 21.7084613591
size_y = 25.2394488257
size_z = 25.8773841924
