center_x = 375.295272261
center_y = 369.078342696
center_z = 470.275628931
size_x = 14.2377756069
size_y = 17.5367000082
size_z = 14.5512222152
