center_x = 0.790552621388
center_y = -7.39338211429
center_z = 8.28570535911
size_x = 18.8133039777
size_y = 19.8826774552
size_z = 22.2106938468
