center_x = 5.13220353118
center_y = -15.4274717937
center_z = 5.2880737172
size_x = 11.2463427086
size_y = 12.2859168495
size_z = 12.3337835211
