center_x = 62.7559023799
center_y = 6.23080691799
center_z = -79.1819023177
size_x = 43.6455080671
size_y = 31.0222085285
size_z = 36.8270226797