center_x = -3.41108051141
center_y = -27.8981557872
center_z = -32.6618226065
size_x = 33.6918358529
size_y = 29.4962899713
size_z = 33.846969007