center_x = 27.7327841268
center_y = 2.91736199042
center_z = 47.7683258643
size_x = 13.4032723962
size_y = 13.3025552369
size_z = 8.99955711144
