center_x = -27.4760661257
center_y = -0.423536476578
center_z = 20.4592051865
size_x = 41.71533693
size_y = 34.7686296649
size_z = 39.5566369783