center_x = 5.5058796928
center_y = -14.9278616869
center_z = -5.03406190339
size_x = 13.3961843943
size_y = 19.0224074392
size_z = 17.8551012064
