center_x = -36.314596118
center_y = 20.3240705394
center_z = 11.7829603115
size_x = 27.11744617
size_y = 28.0415234202
size_z = 28.7268486477