center_x = 86.5821479129
center_y = 121.867284253
center_z = 118.408561517
size_x = 44.360650897
size_y = 38.1193632742
size_z = 38.3625521797
