center_x = 90.3791613414
center_y = 114.717744423
center_z = 97.5821497905
size_x = 28.4684370805
size_y = 26.2354816187
size_z = 32.1599825507
