center_x = 52.8743392161
center_y = -68.6315398024
center_z = -12.6878232736
size_x = 29.1323178814
size_y = 31.2362882127
size_z = 29.1145749438