center_x = 60.6542280896
center_y = 77.6347477422
center_z = 52.4677411635
size_x = 29.3875843179
size_y = 28.6048283356
size_z = 28.004175504