center_x = -22.0630202118
center_y = 9.48331813317
center_z = 2.07496256467
size_x = 33.2898016586
size_y = 20.6228973754
size_z = 25.9914918511