center_x = -11.7979706009
center_y = 8.49180947748
center_z = 15.0502205239
size_x = 41.2858111588
size_y = 40.2868521375
size_z = 38.3856886154