center_x = 70.2126063146
center_y = -23.2104900187
center_z = -6.84614753059
size_x = 34.0568654475
size_y = 34.0906260555
size_z = 33.5661903954
