center_x = 87.4754306508
center_y = -11.5221675242
center_z = -12.6312925177
size_x = 26.8562883011
size_y = 33.3582130943
size_z = 29.6718513493
