center_x = 94.4801264508
center_y = 107.571285006
center_z = 119.748212426
size_x = 32.498469794
size_y = 28.6172430729
size_z = 26.8337843572
