center_x = 98.1902829655
center_y = 78.9279660782
center_z = 88.220848798
size_x = 13.4371797633
size_y = 13.0078448795
size_z = 16.8625277241
