center_x = -4.63042961639
center_y = 28.1069322865
center_z = -12.5048279387
size_x = 28.8123240609
size_y = 23.9932938427
size_z = 32.8776217367