center_x = 2.67666915834
center_y = 24.3965913655
center_z = 24.1280235234
size_x = 26.5103659995
size_y = 21.1734661541
size_z = 28.9929657285