center_x = -4.62434872142
center_y = 19.9787600115
center_z = 6.3324181434
size_x = 19.4050012016
size_y = 10.2014154777
size_z = 18.0842477674