center_x = -7.14216187951
center_y = 0.931824276934
center_z = 11.7726163914
size_x = 42.0299768843
size_y = 34.8804451616
size_z = 37.8268062786