center_x = -38.2643703801
center_y = -62.9706482617
center_z = -96.7188596271
size_x = 42.5810592136
size_y = 41.4651016223
size_z = 33.7426895426
