center_x = -70.7289006712
center_y = -32.0057368645
center_z = -51.5853148492
size_x = 34.4496943778
size_y = 29.9591390867
size_z = 36.2638754878
