center_x = -51.9613220136
center_y = -24.447199864
center_z = -37.3928720461
size_x = 34.4496943778
size_y = 29.9591390867
size_z = 36.2638754878
