center_x = 141.648030853
center_y = 137.920348781
center_z = 161.569460744
size_x = 31.128838177
size_y = 31.0462102349
size_z = 31.0987562624