center_x = -7.12369876728
center_y = 35.8380018749
center_z = 11.4696501591
size_x = 31.2454936181
size_y = 32.7673597785
size_z = 27.7595158028