center_x = -5.61085425652
center_y = -22.5974350337
center_z = 5.39824286165
size_x = 31.9737312881
size_y = 26.5832642927
size_z = 27.7938634087