center_x = 14.0758060129
center_y = -29.0376975889
center_z = 105.914093445
size_x = 15.5165504532
size_y = 15.9542729471
size_z = 19.8573241014