center_x = 5.31855240762
center_y = 1.20246499684
center_z = -2.17363461935
size_x = 37.1503207244
size_y = 28.4156079394
size_z = 33.2112003274