center_x = -24.3518209386
center_y = 18.409770625
center_z = 24.4518499314
size_x = 49.1177989002
size_y = 45.9894476294
size_z = 42.1065014089