center_x = -6.081020868
center_y = 6.23689854225
center_z = -24.1037465976
size_x = 34.7053971855
size_y = 27.5904741117
size_z = 28.7271707425