center_x = 96.4326633391
center_y = 108.63659439
center_z = 119.621827881
size_x = 28.7210561319
size_y = 26.0641622454
size_z = 27.5127378543