center_x = -17.4283378256
center_y = 5.35353213231
center_z = 20.2748178182
size_x = 25.2793813715
size_y = 22.1030067232
size_z = 26.7869225965