center_x = 1.71691647069
center_y = 6.83310014454
center_z = 4.64912958254
size_x = 27.3974815942
size_y = 24.3752742194
size_z = 25.1387525099
