center_x = -0.798439812194
center_y = 10.7240215077
center_z = -17.9852164199
size_x = 32.7299088045
size_y = 28.2296380538
size_z = 38.4982661782