center_x = -6.64040558736
center_y = 11.4862589359
center_z = -11.0866150122
size_x = 35.09972645
size_y = 34.1094852865
size_z = 33.6014007985