center_x = 96.6925220924
center_y = 106.90140756
center_z = 114.188833166
size_x = 31.5989247751
size_y = 29.5987474316
size_z = 32.1948511051