center_x = -21.5600221741
center_y = 8.28831465237
center_z = 18.0515519526
size_x = 33.5894461645
size_y = 32.0438444967
size_z = 38.7238314197