center_x = -36.1465596808
center_y = 8.06697194442
center_z = -13.0949694844
size_x = 25.0
size_y = 21.163198783
size_z = 25.5784381027