center_x = 95.6414334127
center_y = 60.8852017311
center_z = 74.7862119739
size_x = 25.7745061893
size_y = 23.9390996308
size_z = 26.3678339201

