center_x = 91.2678397829
center_y = 61.4957049362
center_z = 77.3214912721
size_x = 21.263894954
size_y = 20.3670711832
size_z = 20.7032918637

