center_x = 32.8819726671
center_y = 149.627049696
center_z = 79.2411608211
size_x = 24.695815474
size_y = 29.2268048714
size_z = 28.9337636248

