center_x = -1.73182332626
center_y = -10.3774342073
center_z = 6.55009560737
size_x = 30.4937622603
size_y = 28.9585975914
size_z = 26.6987072803