center_x = -12.8925718645
center_y = -7.80729211516
center_z = -6.91271347713
size_x = 31.126267705
size_y = 29.5010005398
size_z = 40.7408743236