center_x = -4.6379169397
center_y = 6.59742413757
center_z = 18.795654178
size_x = 33.4835843925
size_y = 27.7133268052
size_z = 29.4481431735