center_x = 157.317802698
center_y = 108.974450304
center_z = 163.466460854
size_x = 30.7679149499
size_y = 32.1789116469
size_z = 37.2994406884