center_x = -5.81330230155
center_y = 45.0568879863
center_z = 16.3399890468
size_x = 39.4763921292
size_y = 43.6535863809
size_z = 47.8956691314
