center_x = -8.27142275993
center_y = 35.9522657372
center_z = 24.2541033636
size_x = 52.3957491717
size_y = 39.4512375808
size_z = 47.8956691314
