center_x = -14.6233578822
center_y = -2.40134820635
center_z = -18.188336804
size_x = 32.2233631434
size_y = 29.6972997222
size_z = 35.6125012685