center_x = -23.319190387
center_y = -4.6271037589
center_z = 6.82559226999
size_x = 31.0462888063
size_y = 25.4476194459
size_z = 27.2581595618