center_x = -11.5796652812
center_y = 3.05659814419
center_z = 1.30816622906
size_x = 44.2094805597
size_y = 50.6135623598
size_z = 52.5165121596