center_x = 127.292263858
center_y = 129.370471559
center_z = 166.880902314
size_x = 36.4066980668
size_y = 35.9285012065
size_z = 40.2414842874
