center_x = 134.966118647
center_y = 145.989829279
center_z = 144.635951784
size_x = 38.868108146
size_y = 33.1018385039
size_z = 34.3644349956
