center_x = -1.93587952097
center_y = 2.27166608332
center_z = -7.52223083109
size_x = 43.8023434145
size_y = 58.5577824756
size_z = 44.6015672169