center_x = 18.9405980967
center_y = 35.4379735579
center_z = 15.2845701023
size_x = 23.7581233528
size_y = 25.3953610317
size_z = 23.3649377736
