center_x = 0.188343323764
center_y = 59.3555203724
center_z = 0.29156940719
size_x = 40.9747715693
size_y = 30.5453661403
size_z = 28.9401021903