center_x = 137.298233716
center_y = 136.532188347
center_z = 143.859119609
size_x = 26.3578454892
size_y = 14.723889001
size_z = 26.4712947384