center_x = 1.05784658232
center_y = -4.82099269693
center_z = 3.17356937357
size_x = 23.994367367
size_y = 24.4665473174
size_z = 23.5176204327