center_x = 6.83208517308
center_y = 3.44282439459
center_z = -24.1634224428
size_x = 43.4266346223
size_y = 60.0308674055
size_z = 57.1033819438
