center_x = -15.0998560604
center_y = 54.0227584663
center_z = -47.4545931377
size_x = 16.7332958582
size_y = 16.4282448496
size_z = 20.4877200962
