center_x = -19.4760931052
center_y = 33.233009048
center_z = 6.59072794598
size_x = 27.4350411632
size_y = 31.9276557499
size_z = 23.738433545