center_x = 3.48101492044
center_y = 1.00668766837
center_z = 12.9137328771
size_x = 33.9412232017
size_y = 31.0113892751
size_z = 27.9816599902