center_x = 7.04775942233
center_y = 7.96028842908
center_z = -12.6671691952
size_x = 18.3855896468
size_y = 15.9017774438
size_z = 16.5948177629