center_x = 403.862100402
center_y = 480.593317071
center_z = 466.824793503
size_x = 41.6447460388
size_y = 36.481314132
size_z = 33.1709462182
