center_x = -27.1367078589
center_y = -15.9087702981
center_z = 28.1213693761
size_x = 32.9549782401
size_y = 21.0355940325
size_z = 19.600915988