center_x = 33.5643232456
center_y = 37.5993874809
center_z = 62.1754621236
size_x = 31.0028840459
size_y = 29.0096581398
size_z = 29.477584446
