center_x = 33.343148624
center_y = 40.5188290096
center_z = 67.1760727555
size_x = 17.9494437216
size_y = 15.0420872311
size_z = 14.9189621846
