center_x = -43.8404683609
center_y = -10.6187630158
center_z = 65.6232096073
size_x = 32.8493116385
size_y = 29.57091589
size_z = 36.4362250126