center_x = -1.2189
center_y = 2.852
center_z = -0.8349
size_x = 171.553205872
size_y = 139.109401321
size_z = 125.270500565