center_x = 14.8808267518
center_y = 4.24198864591
center_z = 8.24377578236
size_x = 17.0485120013
size_y = 13.4574737281
size_z = 27.5027861097