center_x = -29.8708651028
center_y = -33.0588851087
center_z = 14.3610588607
size_x = 27.0956303778
size_y = 26.9207732329
size_z = 32.8846347065