center_x = -27.7398937729
center_y = 11.1567300276
center_z = 13.725382404
size_x = 27.3384984501
size_y = 26.9207732329
size_z = 27.5466314838