center_x = -74.103368419
center_y = -26.8683394497
center_z = -32.6959743112
size_x = 20.3014050709
size_y = 23.9014197409
size_z = 18.0756655562
