center_x = -75.4411427794
center_y = -30.2748689249
center_z = -33.6923730412
size_x = 20.3014050709
size_y = 23.9014197409
size_z = 18.0756655562
