center_x = 35.2541560982
center_y = 6.79553717858
center_z = -51.5462139447
size_x = 19.7432326282
size_y = 31.6400314648
size_z = 21.5138790332