center_x = 94.871345801
center_y = 126.981801451
center_z = 119.505095896
size_x = 36.1661276537
size_y = 34.87284054
size_z = 33.6263156968