center_x = 97.8898483789
center_y = 108.639292526
center_z = 89.710755546
size_x = 32.3136685496
size_y = 37.0640550452
size_z = 33.9863074762