center_x = 155.878093562
center_y = 107.47062347
center_z = 162.265445845
size_x = 25.5289985971
size_y = 32.0708900721
size_z = 36.9447647922
