center_x = 56.452840776
center_y = 118.052125263
center_z = 134.172467027
size_x = 38.2601659879
size_y = 36.8979921716
size_z = 35.8603576869