center_x = 76.4174084084
center_y = 95.3601545158
center_z = 177.262012625
size_x = 38.2601659879
size_y = 36.8979921716
size_z = 35.8603576869