center_x = 89.6754614864
center_y = 106.508263877
center_z = 166.585939637
size_x = 31.1728777232
size_y = 31.8840571339
size_z = 34.0470328005