center_x = 22.8895588257
center_y = 43.5139378482
center_z = 30.1170117048
size_x = 25.2410338357
size_y = 22.4490233345
size_z = 22.1199326743
