center_x = 3.62335968035
center_y = 16.4498120037
center_z = 22.6521924672
size_x = 29.9897234707
size_y = 32.3292023134
size_z = 35.7160129241