center_x = -15.7042892158
center_y = 4.0653915398
center_z = 8.25479959609
size_x = 32.6458485021
size_y = 31.8849081208
size_z = 31.0639034711
