center_x = 127.36615754
center_y = 129.223831567
center_z = 164.834170687
size_x = 38.4405636013
size_y = 32.7268708744
size_z = 38.5309914431
