center_x = 143.084692669
center_y = 147.343694859
center_z = 142.251332264
size_x = 31.890453974
size_y = 29.8781681723
size_z = 28.0585455187
