center_x = 143.902897473
center_y = 156.06204553
center_z = 146.474729961
size_x = 31.890453974
size_y = 29.8781681723
size_z = 28.0585455187
