center_x = 140.886698746
center_y = 128.984085049
center_z = 158.104087671
size_x = 31.890453974
size_y = 29.8781681723
size_z = 32.7064998588
