center_x = 10.4974346518
center_y = -3.83062975648
center_z = 17.4384517094
size_x = 17.3261138718
size_y = 13.3793225491
size_z = 14.7784997175
