center_x = 28.9010513961
center_y = 0.958407363271
center_z = 28.5852526418
size_x = 32.4747458727
size_y = 33.6845564256
size_z = 39.3910456565
