center_x = 1.11028368105
center_y = 63.7992300829
center_z = 119.415059424
size_x = 30.0312896377
size_y = 30.7561089005
size_z = 29.7209359521