center_x = -11.70109961
center_y = -3.4540532219
center_z = 2.44537736015
size_x = 38.1244403767
size_y = 42.4539274446
size_z = 38.3071958146