center_x = -16.2413356739
center_y = 5.58921423227
center_z = 4.66121400779
size_x = 38.1244403767
size_y = 35.5534660927
size_z = 34.1264562846