center_x = 132.708774869
center_y = 99.2184244473
center_z = 91.6869286812
size_x = 35.5023306912
size_y = 36.6926472535
size_z = 40.2190407995