center_x = -4.14188216589
center_y = 0.639122345633
center_z = 15.3238257789
size_x = 27.7399744937
size_y = 30.5999599104
size_z = 34.2441749883