center_x = -10.7891607196
center_y = 9.52596479148
center_z = 6.12312722191
size_x = 28.9004344135
size_y = 33.3572037534
size_z = 24.3923835701