center_x = -13.9315060727
center_y = 1.39683074411
center_z = 7.54378676309
size_x = 45.8511566425
size_y = 31.1576184915
size_z = 38.3873671792
