center_x = 12.2077737778
center_y = -22.677492432
center_z = -23.2350019543
size_x = 37.5177338572
size_y = 35.4122725633
size_z = 40.9005281902
