center_x = -0.0354387840457
center_y = -15.2621977998
center_z = -8.35941568334
size_x = 28.3455009678
size_y = 31.7218559429
size_z = 27.5598214727
