center_x = 48.4728273275
center_y = -15.9145626375
center_z = -11.585250395
size_x = 39.3048161102
size_y = 32.8936517899
size_z = 45.7094930053