center_x = 55.3638478889
center_y = -25.666398064
center_z = 18.7280842154
size_x = 32.2066809577
size_y = 30.2978917558
size_z = 27.2228233797