center_x = -23.9243936022
center_y = 2.27589710849
center_z = 11.8829493066
size_x = 19.6387090137
size_y = 16.8266537079
size_z = 19.4191376417
