center_x = -14.4473101317
center_y = -3.93167851662
center_z = 7.38600332923
size_x = 14.2978507475
size_y = 11.2421083502
size_z = 11.8742883711
