center_x = 13.7940382643
center_y = -3.33925618217
center_z = -16.8886983562
size_x = 46.0906191475
size_y = 36.5131799745
size_z = 41.7713758693