center_x = -4.3445931193
center_y = 3.77728818119
center_z = -4.8506415954
size_x = 31.7909225405
size_y = 30.716138884
size_z = 34.3074118703