center_x = 39.8690674755
center_y = 36.2359379803
center_z = 109.04997155
size_x = 38.0546804268
size_y = 31.2336946032
size_z = 31.2453225806