center_x = 38.3250509397
center_y = 33.079108496
center_z = 130.86060368
size_x = 43.5580610522
size_y = 32.6796846956
size_z = 28.077257885