center_x = 43.5380780057
center_y = 28.315566071
center_z = 92.7394914463
size_x = 27.5786945669
size_y = 31.3982570153
size_z = 36.9907232366