center_x = 19.217090544
center_y = 35.4333081792
center_z = 19.9459122295
size_x = 23.7581233528
size_y = 25.3953610317
size_z = 23.3649377736
