center_x = 14.2010114351
center_y = 41.0764837689
center_z = 19.3274367198
size_x = 17.6266139463
size_y = 19.3022308221
size_z = 16.9228844288
