center_x = -23.7276166984
center_y = -16.7434589291
center_z = 9.62133477532
size_x = 23.714295023
size_y = 26.9207732329
size_z = 25.2165768624