center_x = -31.8587364348
center_y = -2.32263957847
center_z = 12.8190576663
size_x = 24.2144255553
size_y = 25.783303287
size_z = 23.8113105726