center_x = 15.8788845818
center_y = -5.353410879
center_z = -27.0608847855
size_x = 32.8361805288
size_y = 21.4225602604
size_z = 31.6369697302