center_x = 5.31530751522
center_y = -4.93192431755
center_z = -7.41518942062
size_x = 19.6372993189
size_y = 14.0452960152
size_z = 24.3049374087