center_x = 4.95429165095
center_y = 1.29543623034
center_z = -16.4584312301
size_x = 20.5428661501
size_y = 20.6112843561
size_z = 19.3639702197