center_x = -23.8052781636
center_y = 54.3345177934
center_z = 11.7784678199
size_x = 26.8528880036
size_y = 35.9869909143
size_z = 33.5646799431