center_x = -55.6880430274
center_y = -20.4859247574
center_z = 50.5431397032
size_x = 29.0177135531
size_y = 29.221112903
size_z = 27.03449922