center_x = 18.6548721078
center_y = 53.7935990749
center_z = 54.8015263456
size_x = 45.6618887728
size_y = 50.9774417261
size_z = 39.595552194
