center_x = 16.1049280445
center_y = 54.1550171962
center_z = 68.2266522855
size_x = 33.2723661723
size_y = 44.7672156983
size_z = 36.9438214814
