center_x = -14.8344632441
center_y = -8.84829201709
center_z = -7.16773517203
size_x = 43.4488512981
size_y = 37.157690875
size_z = 39.5372907519
