center_x = 1.17968064036
center_y = 11.725630018
center_z = -28.8567822412
size_x = 23.8810086981
size_y = 28.2854714545
size_z = 31.632229442
