center_x = 5.1811459411
center_y = 39.6059710096
center_z = -25.1635679295
size_x = 22.1431082917
size_y = 22.2677991296
size_z = 21.7242345872
