center_x = -21.3342267074
center_y = 28.084484768
center_z = -30.9661992469
size_x = 23.9236647111
size_y = 29.1079295107
size_z = 21.7242345872
