center_x = -1.42737364
center_y = -0.510161833935
center_z = 15.5339934384
size_x = 35.8283312707
size_y = 38.3530715302
size_z = 34.9225364593