center_x = -0.72149837862
center_y = -0.142587516079
center_z = -12.4780943199
size_x = 49.2162107111
size_y = 46.5832764504
size_z = 42.1880146867