center_x = 5.19297386579
center_y = 3.28609578101
center_z = -10.68162173
size_x = 31.0911173254
size_y = 29.0926240547
size_z = 25.614384827