center_x = 61.5603484207
center_y = 102.3164844
center_z = 159.020903097
size_x = 31.1728777232
size_y = 31.8840571339
size_z = 34.0470328005