center_x = -49.3865629862
center_y = 8.69457127324
center_z = 9.37734388645
size_x = 25.1301277313
size_y = 27.8231827856
size_z = 24.788495526
