center_x = -2.67206848291
center_y = 7.01963061571
center_z = -11.1695117372
size_x = 28.8179215122
size_y = 28.4549603044
size_z = 30.8350042844