center_x = 7.92808731065
center_y = 6.38220287341
center_z = -13.1780679007
size_x = 21.8649368221
size_y = 25.5021389368
size_z = 22.52962887