center_x = -11.090439541
center_y = -1.37478668277
center_z = 9.70800898168
size_x = 22.0846256002
size_y = 19.5073466975
size_z = 22.5579325886