center_x = -69.1511459091
center_y = -32.0178153199
center_z = -30.0179149372
size_x = 20.3014050709
size_y = 23.9014197409
size_z = 18.0756655562

