center_x = -51.6120394915
center_y = 26.3103505803
center_z = -23.9082740537
size_x = 24.3300568851
size_y = 25.4845140848
size_z = 24.3532561844

