center_x = -30.9750185506
center_y = 29.2629564921
center_z = 26.8750682787
size_x = 13.9588308114
size_y = 15.2123234746
size_z = 15.0967444955