center_x = -62.3905622126
center_y = 13.97370984
center_z = 15.2609009997
size_x = 31.6443237854
size_y = 23.1852327656
size_z = 22.5849326199