center_x = -22.4333195587
center_y = -13.6699675771
center_z = 25.5847951316
size_x = 30.2983826992
size_y = 26.3359008479
size_z = 34.1576884237