center_x = 20.505336652
center_y = 46.1933217392
center_z = -78.2944339085
size_x = 23.2331529625
size_y = 25.8079671445
size_z = 21.9159164096