center_x = -0.574792179123
center_y = 7.06803824641
center_z = 4.04517280418
size_x = 36.5249847389
size_y = 34.9796667768
size_z = 32.9614030951