center_x = -2.26110012038
center_y = 15.0482760409
center_z = -20.5997326127
size_x = 25.0
size_y = 25.0
size_z = 25.0
