center_x = 23.1476484481
center_y = -4.14751284577
center_z = -11.8200613427
size_x = 28.7130146381
size_y = 31.3951578706
size_z = 34.6465993696
