center_x = -72.6392733913
center_y = -30.7200871011
center_z = -32.931812993
size_x = 27.3032907052
size_y = 31.3054725064
size_z = 28.4246339915