center_x = -54.5622402794
center_y = 30.3327032925
center_z = -25.9806287375
size_x = 32.5075325028
size_y = 31.3054725064
size_z = 28.4246339915