center_x = 24.664081843
center_y = 7.92422157834
center_z = -33.583352455
size_x = 35.8300968335
size_y = 31.7047667832
size_z = 40.1769725976