center_x = -1.10736159382
center_y = 10.9083772588
center_z = 30.9264259576
size_x = 38.8407939779
size_y = 25.8599914924
size_z = 32.9858168493