center_x = 7.37030643374
center_y = -2.21129856221
center_z = 39.1395429162
size_x = 38.4321770884
size_y = 28.3423053272
size_z = 32.9641965698