center_x = 15.3611668724
center_y = 41.873098812
center_z = 41.5611899433
size_x = 25.1473283878
size_y = 21.0210839877
size_z = 20.5012229493