center_x = -24.5771113825
center_y = 7.03369820077
center_z = 23.7162742527
size_x = 28.4268891166
size_y = 19.9012630211
size_z = 17.5290848101
