center_x = 5.77985433849
center_y = 49.9599142334
center_z = 18.8224341079
size_x = 37.9300128223
size_y = 29.5560076273
size_z = 29.9972442478