center_x = 48.1665428016
center_y = 12.8502360405
center_z = 54.818412283
size_x = 88.2956474772
size_y = 63.581180428
size_z = 59.3379402394