center_x = -10.2459659822
center_y = 1.52786583951
center_z = -15.3078652599
size_x = 29.6492578396
size_y = 33.7622003305
size_z = 34.8533217