center_x = 10.2995985731
center_y = -3.50969184491
center_z = -12.9406553343
size_x = 41.1848684325
size_y = 41.177355911
size_z = 42.8510498358