center_x = 3.67886055514
center_y = -5.98724012716
center_z = -6.29519665083
size_x = 38.6972055268
size_y = 32.8491571908
size_z = 35.0781258621

