center_x = 1.37907611551
center_y = -2.64734435407
center_z = 8.54425925396
size_x = 38.6972055268
size_y = 32.8491571908
size_z = 40.8687353584

