center_x = 82.9148723369
center_y = 132.566031067
center_z = 75.8333900836
size_x = 43.0011862521
size_y = 39.8892836957
size_z = 41.4563861659
