center_x = -8.03457264836
center_y = 4.67807485818
center_z = 6.38812720891
size_x = 42.4207814121
size_y = 48.4545023553
size_z = 34.9702650696
