center_x = 179.353448355
center_y = 232.961020603
center_z = 202.324096949
size_x = 27.7524369523
size_y = 27.3433485927
size_z = 31.7355268881