center_x = 150.901348211
center_y = 191.823218345
center_z = 250.631379573
size_x = 25.1811289174
size_y = 26.2664434705
size_z = 29.5616982211