center_x = 180.400085668
center_y = 259.546785565
center_z = 219.438496373
size_x = 27.7524369523
size_y = 27.3433485927
size_z = 31.7355268881