center_x = 220.007667464
center_y = 271.364754547
center_z = 218.659415096
size_x = 27.7524369523
size_y = 27.3433485927
size_z = 31.7355268881