center_x = 224.618144528
center_y = 268.701450506
center_z = 209.816818001
size_x = 27.7524369523
size_y = 27.3433485927
size_z = 31.7355268881