center_x = 185.505901945
center_y = 214.797612508
center_z = 203.242200401
size_x = 23.1100245653
size_y = 20.9415867316
size_z = 30.0144455031