center_x = -18.2826101132
center_y = 3.59469797883
center_z = 10.6889536387
size_x = 23.3755388578
size_y = 24.258258258
size_z = 26.375724918
