center_x = 2.79655036787
center_y = -1.09891017597
center_z = -12.1162930637
size_x = 27.8900277842
size_y = 26.3561667774
size_z = 19.600915988