center_x = 158.048513427
center_y = 175.695557848
center_z = 124.376121421
size_x = 15.83735388
size_y = 15.1935486568
size_z = 14.104257459
