center_x = 156.326924843
center_y = 164.208630411
center_z = 120.894237908
size_x = 28.0493358767
size_y = 23.3347658351
size_z = 32.4250272604
