center_x = 15.5671930862
center_y = -12.7070931353
center_z = -3.84564607016
size_x = 17.8763855476
size_y = 19.6212469648
size_z = 16.3628369233