center_x = -0.668057916691
center_y = 4.49109072086
center_z = -11.4562305329
size_x = 23.4686939685
size_y = 25.4916892109
size_z = 25.5230735889