center_x = 90.4201705767
center_y = 113.34378449
center_z = 72.5309809576
size_x = 35.2901167887
size_y = 32.174702338
size_z = 36.6136969661
