center_x = -21.5685280591
center_y = -42.0208187893
center_z = -8.54562169912
size_x = 9.20965997459
size_y = 9.06239245447
size_z = 8.52165420287