center_x = 165.268788447
center_y = 204.262986322
center_z = 127.838957293
size_x = 35.4922910448
size_y = 31.4887698421
size_z = 28.1829284183
