center_x = 131.887002858
center_y = 110.915783873
center_z = 145.444715795
size_x = 38.802837846
size_y = 36.1592404183
size_z = 39.9767285609
