center_x = 6.1196378631
center_y = -8.79766258363
center_z = 15.3145736133
size_x = 26.9535134611
size_y = 24.3761740615
size_z = 20.63933345