center_x = -5.0819806886
center_y = -8.23746217286
center_z = -17.3640933464
size_x = 20.5538033396
size_y = 23.3534363926
size_z = 19.1756062777