center_x = 8.02702937825
center_y = -18.0261212867
center_z = -21.0313397041
size_x = 24.2969443464
size_y = 23.6958702668
size_z = 15.3598176374