center_x = 1.35559241016
center_y = 0.282444160593
center_z = -16.1699525193
size_x = 43.9025482018
size_y = 43.2774128012
size_z = 38.3198915444
