center_x = 154.353259122
center_y = 118.547167434
center_z = 136.349645616
size_x = 30.8332550184
size_y = 25.5566549713
size_z = 29.2989477334