center_x = 141.094404153
center_y = 144.168152999
center_z = 136.353698971
size_x = 30.8332550184
size_y = 25.0198394166
size_z = 30.0225110159