center_x = -8.27553485744
center_y = 9.04819474109
center_z = -2.95228745788
size_x = 30.4697979047
size_y = 35.5318977983
size_z = 35.3185533869
