center_x = -22.4113893044
center_y = -0.376284924706
center_z = 14.9408691313
size_x = 41.0570282748
size_y = 38.8122522281
size_z = 33.4317327552