center_x = 137.409579314
center_y = 147.815490524
center_z = 105.739629206
size_x = 41.491248956
size_y = 33.8358111765
size_z = 39.3907804284