center_x = 55.1110899568
center_y = 77.9524427337
center_z = 5.410919285
size_x = 27.4949731229
size_y = 32.6676394912
size_z = 30.7248717786