center_x = 105.205649556
center_y = 163.422463181
center_z = 199.2208814
size_x = 32.5346901903
size_y = 29.444702892
size_z = 30.0747781826
