center_x = 164.453045068
center_y = 162.487192726
center_z = 164.469716709
size_x = 27.4501404687
size_y = 26.94547976
size_z = 27.1451695544
