center_x = 118.096427311
center_y = 82.9446198884
center_z = 162.836131045
size_x = 20.9027787373
size_y = 25.3959138554
size_z = 27.9625529828
