center_x = -24.1304791015
center_y = 31.1740028633
center_z = -21.9618899473
size_x = 31.2137744583
size_y = 23.0564738279
size_z = 29.6981217904