center_x = 4.62403532903
center_y = 6.69251275571
center_z = -11.2327789484
size_x = 27.3541489816
size_y = 27.0261156819
size_z = 27.5909958508
