center_x = 23.1811121989
center_y = -38.5608328528
center_z = -8.23470835833
size_x = 35.4418820178
size_y = 37.7547136681
size_z = 38.9421164335
