center_x = 41.6206313877
center_y = -39.6064918732
center_z = 2.96731993383
size_x = 31.7632832675
size_y = 26.219525295
size_z = 28.4276619786