center_x = 26.4184801043
center_y = -42.375927676
center_z = 20.222881817
size_x = 33.3946542456
size_y = 29.3205447744
size_z = 33.6240942754