center_x = 8.92910824404
center_y = 2.77846747702
center_z = -5.57618445704
size_x = 24.6919090706
size_y = 30.8115698353
size_z = 21.8134485874