center_x = 17.8772628585
center_y = -21.1759370135
center_z = 0.0684857533973
size_x = 21.0438600712
size_y = 16.7342838536
size_z = 23.7388454417