center_x = -2.70027332109
center_y = 1.55707433019
center_z = 34.6694585832
size_x = 23.9177811164
size_y = 28.7424732114
size_z = 27.8273852844