center_x = 90.9097905911
center_y = 97.2304223327
center_z = 109.737069629
size_x = 29.5476013203
size_y = 24.5989529091
size_z = 28.2586113143
