center_x = 130.749397415
center_y = 95.1223761479
center_z = 113.482393194
size_x = 25.1639003687
size_y = 22.8899904536
size_z = 27.5344601599
