center_x = 126.05504596
center_y = 120.634493755
center_z = 115.08822506
size_x = 32.0342669347
size_y = 22.8899904536
size_z = 27.5344601599
