center_x = 70.6090948624
center_y = 128.991628357
center_z = 81.9089031371
size_x = 32.0342669347
size_y = 26.3864635868
size_z = 27.5344601599
