center_x = 115.832301372
center_y = 95.4276376837
center_z = 116.844866014
size_x = 23.3791845347
size_y = 28.4754714266
size_z = 27.5344601599
