center_x = 150.880885161
center_y = 125.490423402
center_z = 103.020223329
size_x = 27.9723600859
size_y = 31.6313088677
size_z = 26.1090810186
