center_x = -46.3810083002
center_y = 30.3311466607
center_z = 78.2416943376
size_x = 35.3107724146
size_y = 34.3627042818
size_z = 22.1789024093