center_x = -71.4401068949
center_y = 29.3162145631
center_z = 28.5032046201
size_x = 32.3671719184
size_y = 30.7549483716
size_z = 25.9434248449