center_x = -45.7722559557
center_y = 41.3901115374
center_z = 22.8811748245
size_x = 21.5200312213
size_y = 26.7890266241
size_z = 25.9434248449