center_x = -61.1750211424
center_y = 22.1375304145
center_z = 84.2878857552
size_x = 27.4734453236
size_y = 32.8633039716
size_z = 28.3286410436