center_x = -67.8852085894
center_y = 14.4132881809
center_z = 27.727274736
size_x = 28.5499787818
size_y = 32.1577487022
size_z = 29.3336652173