center_x = -61.5018342073
center_y = 24.0382853448
center_z = 58.228011997
size_x = 26.5021683216
size_y = 32.1577487022
size_z = 29.3336652173