center_x = 26.2447455597
center_y = -80.9323787915
center_z = 10.0892147126
size_x = 35.9250392691
size_y = 26.410821157
size_z = 30.7396701856