center_x = 2.91085390657
center_y = 3.57550908703
center_z = -3.32083966578
size_x = 28.1689841832
size_y = 28.8366501545
size_z = 39.2636544888