center_x = -15.9260841468
center_y = 0.979271530957
center_z = 10.7914500049
size_x = 28.2577124716
size_y = 25.0
size_z = 25.0