center_x = -4.73335937792
center_y = 1.18775778022
center_z = 2.46942470575
size_x = 28.2577124716
size_y = 28.0372239217
size_z = 25.0