center_x = 6.58189316145
center_y = -0.530085540944
center_z = -3.01740850725
size_x = 22.0584600694
size_y = 16.3819686142
size_z = 23.766148994