center_x = 3.08928571947
center_y = -5.04039327502
center_z = -8.64887669704
size_x = 50.5829197411
size_y = 56.5032163881
size_z = 48.8484126339