center_x = 15.7951036382
center_y = 32.6154328919
center_z = 135.022998393
size_x = 21.7769761545
size_y = 25.7097920573
size_z = 28.0782212336