center_x = 3.48103940497
center_y = 3.65738385985
center_z = -0.918761550717
size_x = 24.8159981103
size_y = 24.6451027776
size_z = 24.9979696976
