center_x = -7.06629620277
center_y = 1.55454070513
center_z = 7.07549025488
size_x = 39.7611597548
size_y = 50.6845888172
size_z = 35.6791544941