center_x = 1.64793135404
center_y = -0.0106779018139
center_z = 3.63245812289
size_x = 26.7675057984
size_y = 24.2706186153
size_z = 24.795592132