center_x = -5.68978161257
center_y = 25.678906304
center_z = 12.4135142318
size_x = 19.6130922043
size_y = 24.2333190237
size_z = 26.8589607