center_x = -20.863965353
center_y = -14.2129431801
center_z = 29.2342417677
size_x = 43.7541408224
size_y = 47.9902178926
size_z = 48.1667304645