center_x = -5.46418925119
center_y = 4.83832316324
center_z = 61.4350268355
size_x = 18.0712806591
size_y = 17.1959265767
size_z = 23.8875508225