center_x = 141.28506392
center_y = 138.226095024
center_z = 131.010983896
size_x = 27.2360695139
size_y = 34.4879721291
size_z = 37.4615134453