center_x = 69.9307044969
center_y = 33.4464208728
center_z = 179.822259575
size_x = 37.7928351186
size_y = 34.4878713695
size_z = 35.1474015887