center_x = 0.636206378587
center_y = 2.3715014346
center_z = -15.1665162616
size_x = 60.0989998984
size_y = 56.2911957009
size_z = 49.4517752974