center_x = 36.0059938235
center_y = 12.5001427602
center_z = 9.37017984524
size_x = 30.1734851739
size_y = 25.4759503549
size_z = 34.4566351228