center_x = 53.4605445765
center_y = 11.9313996349
center_z = 44.8950913517
size_x = 34.6994514756
size_y = 25.4759503549
size_z = 32.9652299905