center_x = -21.6338156468
center_y = 5.97844732338
center_z = -5.42598827436
size_x = 29.3608972717
size_y = 26.7109351007
size_z = 38.5797805343