center_x = 56.943846368
center_y = 113.165917904
center_z = 135.150405392
size_x = 31.1555624291
size_y = 26.6497102605
size_z = 34.3819907301