center_x = -11.122909641
center_y = -2.78632513034
center_z = 78.4025170954
size_x = 29.7494334477
size_y = 27.230509094
size_z = 32.3006437735
