center_x = -16.9192756916
center_y = 0.863621913003
center_z = 11.9432878962
size_x = 33.9153725296
size_y = 27.1698299598
size_z = 29.5528604505
