center_x = 20.6140278091
center_y = 125.389559956
center_z = 2.11639537516
size_x = 36.6082232388
size_y = 34.0969556891
size_z = 35.2061733381
