center_x = -15.5102627145
center_y = 5.77748398605
center_z = 1.88876890127
size_x = 43.5882979757
size_y = 36.3596202939
size_z = 36.6320309558