center_x = 166.85042037
center_y = 248.839524759
center_z = 202.31695525
size_x = 25.1811289174
size_y = 23.2607145279
size_z = 25.3885810406