center_x = 188.857619768
center_y = 222.01608482
center_z = 189.777339419
size_x = 25.4639702774
size_y = 28.7182949039
size_z = 25.0