center_x = 260.277273141
center_y = 267.031337756
center_z = 268.453352468
size_x = 29.8739693232
size_y = 29.3205628556
size_z = 23.0352675759