center_x = 220.096944716
center_y = 265.689885188
center_z = 191.129592157
size_x = 23.1100245653
size_y = 20.9415867316
size_z = 26.0300761341