center_x = 183.28190666
center_y = 252.25224428
center_z = 234.347494528
size_x = 23.1100245653
size_y = 26.3893278629
size_z = 32.1457018577