center_x = 55.8056845483
center_y = -31.7849192156
center_z = 10.4697896277
size_x = 25.0906959453
size_y = 27.4952607073
size_z = 26.5935580041
